	ids	loop	#tr	#ac_tr	trueY	predY	prob
0	CHEMBL3310915-CHEMBL3586220	1	1475	99	0	0.0	0.022581199184060097
1	CHEMBL4586998-CHEMBL4458904	1	1475	99	0	0.0	3.361376244015446e-08
2	CHEMBL3604509-CHEMBL3586215	1	1475	99	1	1.0	0.9999339580535889
3	CHEMBL191528-CHEMBL568516	1	1475	99	0	0.0	0.05841173976659775
4	CHEMBL4245748-CHEMBL4238246	1	1475	99	0	0.0	3.067850329330213e-08
5	CHEMBL1164966-CHEMBL1164420	1	1475	99	0	0.0	0.004582525696605444
6	CHEMBL4535291-CHEMBL4455961	1	1475	99	0	0.0	2.2806185029367043e-07
7	CHEMBL3104056-CHEMBL3104062	1	1475	99	0	0.0	1.0880108561328334e-14
8	CHEMBL4642319-CHEMBL4632436	1	1475	99	0	0.0	2.704213386550691e-07
9	CHEMBL2047826-CHEMBL2047803	1	1475	99	0	0.0	5.3632255003321916e-05
10	CHEMBL3127559-CHEMBL2326522	1	1475	99	0	0.0	0.0018519307486712933
11	CHEMBL3342251-CHEMBL3342253	1	1475	99	1	1.0	0.9997643828392029
12	CHEMBL3342490-CHEMBL3342495	1	1475	99	0	0.0	0.0008659247541800141
13	CHEMBL3604509-CHEMBL3604416	1	1475	99	0	1.0	0.9485597610473633
14	CHEMBL3360590-CHEMBL3360588	1	1475	99	0	0.0	6.635890725803506e-10
15	CHEMBL3126817-CHEMBL3126815	1	1475	99	0	0.0	5.8424637927601e-07
16	CHEMBL4242770-CHEMBL4246204	1	1475	99	0	0.0	9.520654202788137e-06
17	CHEMBL4167366-CHEMBL4163924	1	1475	99	0	0.0	2.6507742181824945e-11
18	CHEMBL2436877-CHEMBL2436879	1	1475	99	0	0.0	3.828484693713108e-07
19	CHEMBL4280796-CHEMBL4277762	1	1475	99	0	0.0	0.007043059449642897
20	CHEMBL3586213-CHEMBL3604416	1	1475	99	1	1.0	0.999993085861206
21	CHEMBL2436878-CHEMBL2436884	1	1475	99	0	0.0	6.089677754061995e-06
22	CHEMBL3604414-CHEMBL3586215	1	1475	99	0	0.0	0.2226077765226364
23	CHEMBL3126808-CHEMBL3126809	1	1475	99	0	0.0	2.1562639673788908e-08
24	CHEMBL3609196-CHEMBL3609476	1	1475	99	0	0.0	0.0008594294777140021
25	CHEMBL3604414-CHEMBL3604404	1	1475	99	0	0.0	0.0009435671381652355
26	CHEMBL3609201-CHEMBL3609478	1	1475	99	0	0.0	0.014505923725664616
27	CHEMBL3809086-CHEMBL3808553	1	1475	99	0	0.0	6.710278910304623e-08
28	CHEMBL4642319-CHEMBL4453778	1	1475	99	0	0.0	7.279760029632598e-05
29	CHEMBL4166970_CHEMBL4167883-CHEMBL4164109_CHEMBL4174759	1	1475	99	0	0.0	1.1508718422703623e-08
30	CHEMBL3604509-CHEMBL3604414	1	1475	99	1	1.0	0.9225822687149048
31	CHEMBL4638841-CHEMBL4645735	1	1475	99	1	1.0	0.9869438409805298
32	CHEMBL3960492-CHEMBL3986431	1	1475	99	0	0.0	1.0679625933596171e-10
33	CHEMBL3604514-CHEMBL3586216	1	1475	99	0	0.0	0.005724880378693342
34	CHEMBL4092504-CHEMBL4090611	1	1475	99	0	1.0	0.8035000562667847
35	CHEMBL3604405-CHEMBL3310914	1	1475	99	0	0.0	0.12187070399522781
36	CHEMBL3601532-CHEMBL3601531	1	1475	99	0	1.0	0.9865168333053589
37	CHEMBL3604415-CHEMBL3586217	1	1475	99	0	0.0	3.302623372292146e-05
38	CHEMBL3586212-CHEMBL3310913	1	1475	99	0	0.0	4.5856027099944185e-06
39	CHEMBL3423258-CHEMBL3343273	1	1475	99	0	0.0	4.948229980072938e-05
40	CHEMBL4284225-CHEMBL4292534	1	1475	99	0	0.0	2.2576361516257748e-05
41	CHEMBL4639065-CHEMBL4647308	1	1475	99	0	0.0	0.14286278188228607
42	CHEMBL4579916-CHEMBL4464928	1	1475	99	0	0.0	2.463614237058209e-07
43	CHEMBL3360589-CHEMBL3360591	1	1475	99	0	0.0	4.111882745405637e-08
44	CHEMBL3104053-CHEMBL3104051	1	1475	99	0	0.0	2.809494995385819e-15
45	CHEMBL4579916-CHEMBL4441149	1	1475	99	0	0.0	4.125749057948269e-07
46	CHEMBL4247158-CHEMBL4238069	1	1475	99	0	0.0	3.402868742341525e-07
47	CHEMBL3261390-CHEMBL3261389	1	1475	99	0	0.0	3.700327262483316e-13
48	CHEMBL4277762-CHEMBL4281197	1	1475	99	0	0.0	0.00021532706159632653
49	CHEMBL2333964-CHEMBL3402961	1	1475	99	1	1.0	0.7298720479011536
50	CHEMBL3586216-CHEMBL3586220	1	1475	99	0	0.0	0.004332155920565128
51	CHEMBL2436880-CHEMBL2436879	1	1475	99	0	0.0	6.0552487468612526e-09
52	CHEMBL3261388-CHEMBL3261393	1	1475	99	0	0.0	1.4522785101236946e-13
53	CHEMBL3126815-CHEMBL3126814	1	1475	99	0	0.0	1.658871440213261e-08
54	CHEMBL4160467-CHEMBL1441824	1	1475	99	0	0.0	1.47847178944005e-10
55	CHEMBL3104051-CHEMBL3104063	1	1475	99	0	0.0	8.894324519785352e-15
56	CHEMBL3601533-CHEMBL3601531	1	1475	99	0	0.0	0.024615691974759102
57	CHEMBL3609195-CHEMBL3609481	1	1475	99	0	0.0	0.00029502969118766487
58	CHEMBL3104053-CHEMBL3104049	1	1475	99	0	0.0	3.815907821929504e-14
59	CHEMBL4586587-CHEMBL4569077	1	1475	99	0	0.0	5.344716097650803e-13
60	CHEMBL4646670-CHEMBL4469954	1	1475	99	0	0.0	5.308059189701453e-05
61	CHEMBL3609195-CHEMBL3609201	1	1475	99	0	0.0	0.0014386906987056136
62	CHEMBL432745-CHEMBL1957184	1	1475	99	0	0.0	0.0017333432333543897
63	CHEMBL4240383-CHEMBL4244589	1	1475	99	0	0.0	1.6247115652845423e-08
64	CHEMBL3918252-CHEMBL3973519	1	1475	99	0	0.0	0.000113474547106307
65	CHEMBL3604514-CHEMBL3586220	1	1475	99	0	0.0	0.001660726498812437
66	CHEMBL3261387-CHEMBL3401464	1	1475	99	0	0.0	3.107500693398657e-13
67	CHEMBL4467853-CHEMBL4537582	1	1475	99	0	0.0	1.5777580131270952e-08
68	CHEMBL195811-CHEMBL196198	1	1475	99	0	0.0	1.1273716682413948e-10
69	CHEMBL3291109-CHEMBL3291108	1	1475	99	0	0.0	3.839960118057206e-05
70	CHEMBL4645839-CHEMBL4646670	1	1475	99	0	0.0	3.302995173726231e-05
71	CHEMBL3604418-CHEMBL3604514	1	1475	99	0	0.0	0.018871186301112175
72	CHEMBL4174295-CHEMBL4170860	1	1475	99	0	0.0	5.1713251736362764e-12
73	CHEMBL2436881-CHEMBL2436884	1	1475	99	0	0.0	3.2030705199304066e-08
74	CHEMBL3357169-CHEMBL3401463	1	1475	99	0	0.0	1.8512684874655294e-12
75	CHEMBL3604415-CHEMBL3311025	1	1475	99	0	0.0	0.00013133764150552452
76	CHEMBL4285351-CHEMBL4292534	1	1475	99	0	0.0	9.49683922613076e-08
77	CHEMBL3604514-CHEMBL3586211	1	1475	99	0	0.0	0.05918930843472481
78	CHEMBL432745-CHEMBL571514	1	1475	99	0	0.0	0.03906910866498947
79	CHEMBL3977549-CHEMBL3928695	1	1475	99	0	0.0	1.3301430790146895e-10
80	CHEMBL4173735-CHEMBL4170536	1	1475	99	0	0.0	1.510169234109071e-08
81	CHEMBL3237855-CHEMBL3237854	1	1475	99	0	0.0	2.5075914678041045e-08
82	CHEMBL3604415-CHEMBL3310916	1	1475	99	0	0.0	0.000239579938352108
83	CHEMBL3104057-CHEMBL3104063	1	1475	99	0	0.0	6.019808522511215e-15
84	CHEMBL3342491-CHEMBL3342486	1	1475	99	0	0.0	3.408469183341367e-06
85	CHEMBL4090611-CHEMBL4062048	1	1475	99	1	1.0	0.9475927948951721
86	CHEMBL4175236-CHEMBL4163924	1	1475	99	0	0.0	1.1991615478379458e-09
87	CHEMBL3608873-CHEMBL3608874	1	1475	99	0	0.0	0.00010225967707810923
88	CHEMBL3121764-CHEMBL3121762	1	1475	99	0	0.0	6.947750534891384e-07
89	CHEMBL3342488-CHEMBL3342492	1	1475	99	0	0.0	1.38655906312124e-07
90	CHEMBL4640698-CHEMBL4469954	1	1475	99	1	0.0	1.4769882909604348e-05
91	CHEMBL4164109_CHEMBL4174759-CHEMBL4162104_CHEMBL4172778	1	1475	99	0	0.0	3.377869511878018e-11
92	CHEMBL3604418-CHEMBL3311025	1	1475	99	0	0.0	0.0019974312745034695
93	CHEMBL4646670-CHEMBL4643924	1	1475	99	0	0.0	5.673527070371165e-08
94	CHEMBL4454802-CHEMBL2164729	1	1475	99	0	0.0	0.00010034971637651324
95	CHEMBL3586211-CHEMBL3586217	1	1475	99	0	0.0	0.058505795896053314
96	CHEMBL3604409-CHEMBL3586219	1	1475	99	1	1.0	0.9887228012084961
97	CHEMBL2048921-CHEMBL2048923	1	1475	99	0	0.0	5.410614676293335e-07
98	CHEMBL4100256-CHEMBL4069597_CHEMBL4082238	1	1475	99	0	1.0	0.9989035129547119
99	CHEMBL4640698-CHEMBL4649709	1	1475	99	1	0.0	3.719041217209451e-07
100	CHEMBL362499-CHEMBL187259	1	1475	99	0	0.0	1.1666337895732681e-09
101	CHEMBL4160467-CHEMBL1466024	1	1475	99	0	0.0	2.279185018494445e-08
102	CHEMBL3604514-CHEMBL3310916	1	1475	99	0	0.0	0.038087066262960434
103	CHEMBL3810298-CHEMBL3809038	1	1475	99	0	0.0	4.375862658889673e-07
104	CHEMBL2336620-CHEMBL2336622	1	1475	99	0	0.0	1.254110060244784e-07
105	CHEMBL4242394-CHEMBL4250368	1	1475	99	0	0.0	6.665815135420416e-07
106	CHEMBL4642319-CHEMBL4450272	1	1475	99	0	0.0	4.342280954006128e-05
107	CHEMBL3261388-CHEMBL3261395	1	1475	99	0	0.0	1.2204019262176957e-12
108	CHEMBL4170908-CHEMBL4175397	1	1475	99	0	0.0	4.551803378660679e-12
109	CHEMBL4640698-CHEMBL4644997	1	1475	99	0	0.0	4.0339705265068915e-06
110	CHEMBL4240383-CHEMBL4242770	1	1475	99	0	0.0	5.102096878317752e-08
111	CHEMBL3604405-CHEMBL3310916	1	1475	99	0	0.0	0.014952014200389385
112	CHEMBL3127569-CHEMBL3127566	1	1475	99	0	0.0	1.5288061661067331e-07
113	CHEMBL3609201-CHEMBL3609476	1	1475	99	0	0.0	0.0005023230914957821
114	CHEMBL184674-CHEMBL208531	1	1475	99	1	1.0	0.8464915156364441
115	CHEMBL3342250-CHEMBL3342247	1	1475	99	1	1.0	0.9995406866073608
116	CHEMBL214201-CHEMBL2333966	1	1475	99	0	0.0	3.24430857290281e-06
117	CHEMBL4280796-CHEMBL4280099	1	1475	99	0	0.0	1.0480181167338287e-09
118	CHEMBL3356261-CHEMBL3356259	1	1475	99	0	0.0	6.402487997547723e-06
119	CHEMBL3126811-CHEMBL3126813	1	1475	99	0	0.0	3.881064458255423e-06
120	CHEMBL3326409-CHEMBL3326410	1	1475	99	0	0.0	6.344264693325385e-05
121	CHEMBL3310912-CHEMBL3310915	1	1475	99	0	0.0	0.00010956112237181515
122	CHEMBL3585749-CHEMBL3585752_CHEMBL3585753	1	1475	99	0	0.0	2.8358205540757186e-12
123	CHEMBL3121772-CHEMBL3121767	1	1475	99	0	0.0	4.842164003093785e-08
124	CHEMBL1165321-CHEMBL1163376	1	1475	99	0	0.0	1.1750337762350682e-05
125	CHEMBL1240572-CHEMBL1240574	1	1475	99	0	0.0	1.2547992810141295e-05
126	CHEMBL3310914-CHEMBL3586219	1	1475	99	0	0.0	0.0008738588076084852
127	CHEMBL3402958-CHEMBL3402961	1	1475	99	0	0.0	0.0002620660816319287
128	CHEMBL187259-CHEMBL2164735	1	1475	99	0	0.0	4.745129178473917e-09
129	CHEMBL4168320-CHEMBL3087317	1	1475	99	0	0.0	1.3446518210002978e-07
130	CHEMBL3586211-CHEMBL3310915	1	1475	99	0	0.0	0.0013313961680978537
131	CHEMBL3401464-CHEMBL3401463	1	1475	99	0	0.0	7.986298254658575e-13
132	CHEMBL3401465-CHEMBL3261388	1	1475	99	0	0.0	9.403197621590809e-13
133	CHEMBL3291089-CHEMBL3291088	1	1475	99	0	0.0	5.248508841759758e-06
134	CHEMBL3956977-CHEMBL3928695	1	1475	99	0	0.0	2.2137488023266094e-11
135	CHEMBL4250388-CHEMBL4238832	1	1475	99	1	0.0	0.32885074615478516
136	CHEMBL3604418-CHEMBL3586220	1	1475	99	0	0.0	0.01407137792557478
137	CHEMBL4242394-CHEMBL4247158	1	1475	99	0	0.0	1.483112868072567e-07
138	CHEMBL3423258-CHEMBL3423252	1	1475	99	0	0.0	1.0714182963056373e-07
139	CHEMBL1240574-CHEMBL2208439	1	1475	99	0	0.0	3.030051516361709e-07
140	CHEMBL3613534-CHEMBL3613514	1	1475	99	0	0.0	7.870941676202392e-10
141	CHEMBL3604515-CHEMBL3586220	1	1475	99	0	0.0	0.0001626546581974253
142	CHEMBL4459844-CHEMBL4579656	1	1475	99	0	0.0	2.013800584621528e-11
143	CHEMBL3604515-CHEMBL3310915	1	1475	99	0	0.0	0.038819216191768646
144	CHEMBL4163666_CHEMBL4171554-CHEMBL4165182_CHEMBL4173083	1	1475	99	0	0.0	6.519252498948802e-11
145	CHEMBL3310911-CHEMBL3310913	1	1475	99	0	0.0	0.0015358909731730819
146	CHEMBL3342488-CHEMBL3342489	1	1475	99	0	0.0	1.1995694215727326e-08
147	CHEMBL3356262-CHEMBL3356257	1	1475	99	0	0.0	0.0007637965609319508
148	CHEMBL196198-CHEMBL365344	1	1475	99	0	0.0	1.659183068714043e-10
149	CHEMBL4552490-CHEMBL4451848	1	1475	99	0	0.0	5.5984640534578745e-11
150	CHEMBL49732-CHEMBL308819	1	1475	99	0	0.0	0.005738271865993738
151	CHEMBL2333966-CHEMBL4462614	1	1475	99	0	0.0	0.0016072808066383004
152	CHEMBL3604515-CHEMBL3586212	1	1475	99	0	0.0	0.0006955266580916941
153	CHEMBL3604405-CHEMBL3604409	1	1475	99	0	0.0	8.584267925471067e-05
154	CHEMBL3604414-CHEMBL3310914	1	1475	99	0	0.0	0.001542679499834776
155	CHEMBL3423252-CHEMBL3423256	1	1475	99	0	0.0	2.5609478981891698e-09
156	CHEMBL3121771-CHEMBL3121770	1	1475	99	0	0.0	1.7351696968148644e-08
157	CHEMBL4633211-CHEMBL4633773	1	1475	99	0	1.0	0.9797930717468262
158	CHEMBL3401465-CHEMBL3261389	1	1475	99	0	0.0	3.0989729012109724e-12
159	CHEMBL3352855-CHEMBL3356264	1	1475	99	0	0.0	0.24300262331962585
160	CHEMBL3310913-CHEMBL3311024	1	1475	99	0	0.0	8.39535005070502e-06
161	CHEMBL3604514-CHEMBL3311023	1	1475	99	0	0.0	0.02422260120511055
162	CHEMBL3127569-CHEMBL3127572	1	1475	99	0	0.0	5.181448614166584e-06
163	CHEMBL4171486-CHEMBL4160871	1	1475	99	0	0.0	4.17029895061205e-08
164	CHEMBL1736901-CHEMBL3609475	1	1475	99	0	0.0	0.0021516296546906233
165	CHEMBL3613534-CHEMBL3613524	1	1475	99	0	0.0	3.462988118485555e-08
166	CHEMBL3402961-CHEMBL4462614	1	1475	99	0	0.0	0.03111206740140915
167	CHEMBL1736901-CHEMBL3609200	1	1475	99	0	0.0	0.39453649520874023
168	CHEMBL3586212-CHEMBL3310914	1	1475	99	0	0.0	1.0132173883903306e-05
169	CHEMBL3104058-CHEMBL3104052	1	1475	99	0	0.0	4.061232415902144e-13
170	CHEMBL4163090_CHEMBL4171305-CHEMBL4164109_CHEMBL4174759	1	1475	99	0	0.0	1.377226566297296e-12
171	CHEMBL3261390-CHEMBL3261388	1	1475	99	0	0.0	7.560558082375657e-12
172	CHEMBL3104057-CHEMBL3104366	1	1475	99	0	0.0	1.2390022716840272e-14
173	CHEMBL4551727-CHEMBL4559832	1	1475	99	0	0.0	1.1141438335471321e-05
174	CHEMBL3586213-CHEMBL3311028	1	1475	99	0	0.0	0.42704781889915466
175	CHEMBL363931-CHEMBL3823618	1	1475	99	0	0.0	1.8056990569448317e-08
176	CHEMBL3104059-CHEMBL3104057	1	1475	99	0	0.0	2.2630776918240725e-13
177	CHEMBL3604514-CHEMBL3310914	1	1475	99	0	0.0	0.26579979062080383
178	CHEMBL3126810-CHEMBL3126821	1	1475	99	0	0.0	1.5755777127424153e-08
179	CHEMBL2333585-CHEMBL2333584	1	1475	99	0	0.0	1.7111615306930616e-06
180	CHEMBL3819628-CHEMBL4439864	1	1475	99	0	0.0	0.005779426544904709
181	CHEMBL4635964-CHEMBL4644661	1	1475	99	0	1.0	0.9997572302818298
182	CHEMBL3120748-CHEMBL1813210	1	1475	99	0	0.0	1.2497935131250415e-08
183	CHEMBL2333966-CHEMBL1338403	1	1475	99	0	0.0	0.06616026163101196
184	CHEMBL3604415-CHEMBL3310912	1	1475	99	0	0.0	0.00036547117633745074
185	CHEMBL4173735-CHEMBL4161638	1	1475	99	0	0.0	1.1047916359530063e-08
186	CHEMBL2333969-CHEMBL4562842	1	1475	99	0	0.0	0.12805770337581635
187	CHEMBL3604415-CHEMBL3310913	1	1475	99	0	0.0	0.00032000953797250986
188	CHEMBL3601541-CHEMBL3601542	1	1475	99	0	0.0	4.433026333572343e-06
189	CHEMBL3310914-CHEMBL3311028	1	1475	99	0	0.0	0.0004660095146391541
190	CHEMBL3121763-CHEMBL3121766	1	1475	99	0	0.0	4.693768218544392e-08
191	CHEMBL3235176-CHEMBL3235175	1	1475	99	0	1.0	0.5131850242614746
192	CHEMBL3604409-CHEMBL3310914	1	1475	99	0	0.0	0.10846196115016937
193	CHEMBL3104052-CHEMBL3104367	1	1475	99	0	0.0	1.8652295420001908e-12
194	CHEMBL4246936-CHEMBL4247127	1	1475	99	0	0.0	1.1972396407600172e-07
195	CHEMBL3322438-CHEMBL3322439	1	1475	99	0	0.0	7.795447163516656e-05
196	CHEMBL2208444-CHEMBL2208445	1	1475	99	0	0.0	5.6962541350458196e-08
197	CHEMBL1090030_CHEMBL1091073-CHEMBL1093729_CHEMBL1094036	1	1475	99	0	1.0	0.6876624226570129
198	CHEMBL3125553-CHEMBL4524590	1	1475	99	0	0.0	1.8862879258563225e-08
199	CHEMBL4445725-CHEMBL4460067	1	1475	99	0	0.0	6.378394346029381e-08
200	CHEMBL3604514-CHEMBL3586212	1	1475	99	0	0.0	0.0005990494973957539
201	CHEMBL4243345-CHEMBL4240383	1	1475	99	0	0.0	5.317957857187139e-06
202	CHEMBL3126825-CHEMBL3126812	1	1475	99	0	0.0	3.038995600945782e-06
203	CHEMBL3818845-CHEMBL3819628	1	1475	99	0	0.0	0.0005699065513908863
204	CHEMBL3126818-CHEMBL3126819	1	1475	99	0	0.0	1.2458711395879618e-08
205	CHEMBL2208444-CHEMBL2203339	1	1475	99	0	0.0	1.4472330001069622e-08
206	CHEMBL4437653-CHEMBL4445271	1	1475	99	0	0.0	1.6128695872353466e-13
207	CHEMBL3604414-CHEMBL3586216	1	1475	99	0	0.0	1.2754821000271477e-05
208	CHEMBL4284225-CHEMBL4277397	1	1475	99	0	0.0	0.0016336467815563083
209	CHEMBL3359170-CHEMBL4462614	1	1475	99	0	0.0	0.0019197325455024838
210	CHEMBL3401463-CHEMBL3261394	1	1475	99	0	0.0	6.025572402146295e-12
211	CHEMBL4244032-CHEMBL4248617	1	1475	99	0	0.0	0.03509601578116417
212	CHEMBL4459844-CHEMBL4533369	1	1475	99	0	0.0	1.9767623952657298e-13
213	CHEMBL3104157-CHEMBL3104062	1	1475	99	0	0.0	1.51334267383188e-13
214	CHEMBL4100256-CHEMBL4090611	1	1475	99	1	1.0	0.9976377487182617
215	CHEMBL3402958-CHEMBL3402959	1	1475	99	0	0.0	0.0003303652338217944
216	CHEMBL3604514-CHEMBL3310913	1	1475	99	0	0.0	0.06336583197116852
217	CHEMBL4645839-CHEMBL4643700	1	1475	99	0	0.0	5.0446324166841805e-06
218	CHEMBL3309356-CHEMBL3309359	1	1475	99	0	0.0	1.0117275451193564e-05
219	CHEMBL3604409-CHEMBL3586212	1	1475	99	0	0.0	0.0003370173799339682
220	CHEMBL4454802-CHEMBL2333966	1	1475	99	0	0.0	1.6257834431598894e-05
221	CHEMBL4576680-CHEMBL4441149	1	1475	99	0	0.0	1.935925320140086e-05
222	CHEMBL4248681-CHEMBL4238832	1	1475	99	1	1.0	0.9738348126411438
223	CHEMBL3604509-CHEMBL3586212	1	1475	99	1	1.0	0.5785720348358154
224	CHEMBL4174691-CHEMBL4159562	1	1475	99	0	0.0	6.38609026770709e-11
225	CHEMBL4638841-CHEMBL4635964	1	1475	99	1	1.0	0.9992399215698242
226	CHEMBL3261391-CHEMBL3261387	1	1475	99	0	0.0	1.8173879285168781e-12
227	CHEMBL4515899-CHEMBL4564432	1	1475	99	0	0.0	1.5421691701433815e-10
228	CHEMBL4645839-CHEMBL4633355	1	1475	99	0	0.0	1.7606370192879695e-06
229	CHEMBL4168142-CHEMBL4175989	1	1475	99	0	0.0	3.027536443767076e-09
230	CHEMBL4159294-CHEMBL4163753	1	1475	99	0	0.0	6.847519440356109e-09
231	CHEMBL3310914-CHEMBL3311024	1	1475	99	0	0.0	1.854995934991166e-05
232	CHEMBL4175397-CHEMBL4170860	1	1475	99	0	0.0	3.272563470213541e-11
233	CHEMBL539940-CHEMBL196433	1	1475	99	0	0.0	0.0001824942883104086
234	CHEMBL4645839-CHEMBL4642319	1	1475	99	0	0.0	1.4606637705583125e-05
235	CHEMBL3356271-CHEMBL3356273	1	1475	99	0	0.0	8.31180727800529e-07
236	CHEMBL4584974-CHEMBL4522179	1	1475	99	0	0.0	9.48502831832343e-10
237	CHEMBL2333418-CHEMBL2333416	1	1475	99	0	0.0	1.5709596482338384e-05
238	CHEMBL3121761-CHEMBL3121766	1	1475	99	0	0.0	4.651577256709061e-08
239	CHEMBL3423256-CHEMBL3343267	1	1475	99	0	0.0	9.864100292134026e-08
240	CHEMBL3104160-CHEMBL3104156	1	1475	99	0	0.0	2.1427607613060638e-14
241	CHEMBL3586213-CHEMBL3311025	1	1475	99	0	0.0	0.07332710921764374
242	CHEMBL3423252-CHEMBL3343267	1	1475	99	0	0.0	1.2496632280090125e-06
243	CHEMBL3402960-CHEMBL3402959	1	1475	99	0	0.0	8.782317308941856e-05
244	CHEMBL2048933-CHEMBL2048934	1	1475	99	0	0.0	1.4965330592531245e-05
245	CHEMBL4292534-CHEMBL4288695	1	1475	99	0	0.0	0.48827940225601196
246	CHEMBL3604514-CHEMBL3604404	1	1475	99	0	0.0	0.0007934806635603309
247	CHEMBL4285726-CHEMBL4277397	1	1475	99	0	0.0	0.008414950221776962
248	CHEMBL4240383-CHEMBL4248394	1	1475	99	0	0.0	2.2399792669602903e-06
249	CHEMBL2436882-CHEMBL2436877	1	1475	99	0	0.0	4.294121936254669e-06
250	CHEMBL1441824-CHEMBL1466024	1	1475	99	0	0.0	1.1530437404871918e-06
251	CHEMBL3633778-CHEMBL3633783	1	1475	99	0	0.0	3.8243393873926834e-07
252	CHEMBL3601545-CHEMBL3601542	1	1475	99	0	0.0	0.0076346853747963905
253	CHEMBL278395-CHEMBL2333966	1	1475	99	0	0.0	2.1992027541273274e-06
254	CHEMBL3586213-CHEMBL3310913	1	1475	99	0	0.0	0.010434923693537712
255	CHEMBL4445725-CHEMBL4475016	1	1475	99	0	0.0	1.6683358694535855e-07
256	CHEMBL4469524-CHEMBL4584854	1	1475	99	0	0.0	1.2805000393356636e-09
257	CHEMBL3311025-CHEMBL3310916	1	1475	99	0	0.0	2.056723133136984e-05
258	CHEMBL3126815-CHEMBL3126816	1	1475	99	0	0.0	5.910047093493631e-06
259	CHEMBL3310913-CHEMBL3311025	1	1475	99	0	0.0	6.0984537412878126e-05
260	CHEMBL3609481-CHEMBL3609478	1	1475	99	0	0.0	0.001723540830425918
261	CHEMBL3104059-CHEMBL3104056	1	1475	99	0	0.0	7.085110493090796e-13
262	CHEMBL3104055-CHEMBL3104364	1	1475	99	0	0.0	7.624436672293289e-12
263	CHEMBL3311024-CHEMBL3311028	1	1475	99	0	0.0	4.939668542647269e-06
264	CHEMBL2326520-CHEMBL3127560	1	1475	99	0	1.0	0.5947400331497192
265	CHEMBL3310911-CHEMBL3586211	1	1475	99	0	0.0	0.0013944547390565276
266	CHEMBL3586212-CHEMBL3310916	1	1475	99	0	0.0	3.432814537518425e-06
267	CHEMBL3357169-CHEMBL3261387	1	1475	99	0	0.0	6.018255772205494e-12
268	CHEMBL3357169-CHEMBL3261391	1	1475	99	0	0.0	2.6755521409516092e-11
269	CHEMBL2333966-CHEMBL3402961	1	1475	99	0	0.0	0.00016648726887069643
270	CHEMBL3604414-CHEMBL3310916	1	1475	99	0	0.0	0.00043341185664758086
271	CHEMBL364081-CHEMBL195147	1	1475	99	0	0.0	3.8416624192905147e-07
272	CHEMBL2436879-CHEMBL2436883	1	1475	99	0	0.0	5.572017471422441e-06
273	CHEMBL4285351-CHEMBL4293582	1	1475	99	1	0.0	0.0008498506504110992
274	CHEMBL4243345-CHEMBL4246936	1	1475	99	0	0.0	2.0294515934438095e-07
275	CHEMBL3809848-CHEMBL3613544	1	1475	99	0	0.0	2.842297242011682e-08
276	CHEMBL3604406-CHEMBL3311028	1	1475	99	0	0.0	0.0015846865717321634
277	CHEMBL4080055-CHEMBL215810	1	1475	99	0	0.0	2.2991747755440883e-05
278	CHEMBL4643162-CHEMBL4633355	1	1475	99	0	0.0	1.0239376706522307e-06
279	CHEMBL3104164-CHEMBL3104162	1	1475	99	0	0.0	2.2302690944053793e-11
280	CHEMBL3261387-CHEMBL3261393	1	1475	99	0	0.0	1.038383788676267e-13
281	CHEMBL4644997-CHEMBL4453778	1	1475	99	0	0.0	1.8032613180452017e-09
282	CHEMBL1288622-CHEMBL1288623	1	1475	99	0	0.0	1.4657966858067084e-06
283	CHEMBL4246204-CHEMBL4245748	1	1475	99	0	0.0	1.0902097891118956e-08
284	CHEMBL3104064-CHEMBL3104367	1	1475	99	0	0.0	1.163299057777012e-12
285	CHEMBL3104052-CHEMBL3104064	1	1475	99	0	0.0	3.7423891568154344e-13
286	CHEMBL4552118-CHEMBL4525976	1	1475	99	0	0.0	0.00023161507851909846
287	CHEMBL3310912-CHEMBL3586215	1	1475	99	0	0.0	0.0013420870527625084
288	CHEMBL3604418-CHEMBL3310914	1	1475	99	0	0.0	0.04936730116605759
289	CHEMBL3126823-CHEMBL3126812	1	1475	99	0	0.0	1.3321943015398574e-06
290	CHEMBL4472017-CHEMBL4455031	1	1475	99	0	0.0	0.0003511388786137104
291	CHEMBL4459844-CHEMBL4569077	1	1475	99	0	0.0	4.895726836082193e-13
292	CHEMBL3604405-CHEMBL3604418	1	1475	99	0	0.0	0.007323991507291794
293	CHEMBL3104055-CHEMBL3104056	1	1475	99	0	0.0	5.533675184743458e-10
294	CHEMBL3604418-CHEMBL3310912	1	1475	99	0	0.0	0.013162246905267239
295	CHEMBL4584974-CHEMBL4584854	1	1475	99	0	0.0	4.482974269581774e-10
296	CHEMBL2436882-CHEMBL2436879	1	1475	99	0	0.0	5.2882676015997276e-08
297	CHEMBL3291106-CHEMBL3291105	1	1475	99	0	0.0	9.162608449742038e-09
298	CHEMBL3342488-CHEMBL3342495	1	1475	99	0	0.0	0.0017470770981162786
299	CHEMBL3235176-CHEMBL3235177	1	1475	99	0	0.0	0.026069823652505875
300	CHEMBL2336622-CHEMBL2336624	1	1475	99	0	0.0	1.4455060259876973e-08
301	CHEMBL3586216-CHEMBL3310914	1	1475	99	0	0.0	3.4491259270907904e-07
302	CHEMBL1165117-CHEMBL1163376	1	1475	99	0	0.0	0.0016860730247572064
303	CHEMBL3356275-CHEMBL3356274	1	1475	99	0	0.0	0.0017212810926139355
304	CHEMBL195811-CHEMBL195978	1	1475	99	0	0.0	1.110587941055563e-10
305	CHEMBL3601533-CHEMBL3601532	1	1475	99	0	1.0	0.8316172361373901
306	CHEMBL4292113-CHEMBL4277397	1	1475	99	0	0.0	0.0022291552741080523
307	CHEMBL3126825-CHEMBL3126823	1	1475	99	0	0.0	3.1226436476572417e-06
308	CHEMBL3586215-CHEMBL3311025	1	1475	99	0	0.0	0.004606973379850388
309	CHEMBL2333969-CHEMBL2333968	1	1475	99	0	0.0	0.0004546946147456765
310	CHEMBL4250368-CHEMBL4238069	1	1475	99	0	0.0	2.0883303477603476e-06
311	CHEMBL4287995-CHEMBL4291819	1	1475	99	0	0.0	8.886626892490312e-05
312	CHEMBL2336622-CHEMBL2336632	1	1475	99	0	0.0	1.2840304464134533e-07
313	CHEMBL3604416-CHEMBL3310915	1	1475	99	1	1.0	0.9983125925064087
314	CHEMBL2436877-CHEMBL2436883	1	1475	99	0	0.0	3.66737658623606e-05
315	CHEMBL3401464-CHEMBL3261394	1	1475	99	0	0.0	4.398710562458774e-12
316	CHEMBL3604404-CHEMBL3586219	1	1475	99	1	1.0	0.9838449954986572
317	CHEMBL4288695-CHEMBL4277397	1	1475	99	0	0.0	0.31960737705230713
318	CHEMBL3585750-CHEMBL3585752_CHEMBL3585753	1	1475	99	0	0.0	1.8011608101265592e-13
319	CHEMBL308819-CHEMBL571514	1	1475	99	0	0.0	0.008227801881730556
320	CHEMBL3121765-CHEMBL3121760	1	1475	99	0	0.0	3.382484337066671e-08
321	CHEMBL3121761-CHEMBL3121760	1	1475	99	0	0.0	0.00016604542906861752
322	CHEMBL4454859-CHEMBL4551727	1	1475	99	0	0.0	1.0328126620606781e-07
323	CHEMBL3604404-CHEMBL3586215	1	1475	99	1	1.0	0.9469286799430847
324	CHEMBL3356260-CHEMBL3356262	1	1475	99	0	0.0	6.213447818481654e-07
325	CHEMBL4277762-CHEMBL4287995	1	1475	99	0	0.0	5.756743121310137e-05
326	CHEMBL278395-CHEMBL2164729	1	1475	99	0	0.0	1.093847822630778e-05
327	CHEMBL3586211-CHEMBL3586220	1	1475	99	0	0.0	0.0446009486913681
328	CHEMBL3401465-CHEMBL3261395	1	1475	99	0	0.0	1.9734862615611304e-12
329	CHEMBL3809267-CHEMBL3613544	1	1475	99	0	0.0	2.3276801319749296e-10
330	CHEMBL3402959-CHEMBL1338403	1	1475	99	0	0.0	5.755266465712339e-05
331	CHEMBL2337541-CHEMBL1347917	1	1475	99	0	0.0	1.85520311788423e-05
332	CHEMBL4244744-CHEMBL4240831	1	1475	99	0	0.0	6.41140047719091e-08
333	CHEMBL4579916-CHEMBL4576680	1	1475	99	0	0.0	1.8801786438871204e-07
334	CHEMBL4450272-CHEMBL4469954	1	1475	99	0	0.0	0.0003734431811608374
335	CHEMBL2337540-CHEMBL2333964	1	1475	99	1	0.0	0.00011191134399268776
336	CHEMBL4244032-CHEMBL4250388	1	1475	99	0	1.0	0.5887603759765625
337	CHEMBL308819-CHEMBL432745	1	1475	99	0	0.0	0.02081345207989216
338	CHEMBL4633355-CHEMBL4453778	1	1475	99	0	0.0	9.797096467423216e-10
339	CHEMBL3342495-CHEMBL3342494	1	1475	99	0	0.0	0.12388733774423599
340	CHEMBL1288559-CHEMBL1288560	1	1475	99	0	0.0	0.0001150461976067163
341	CHEMBL571514-CHEMBL1957186	1	1475	99	0	0.0	0.0068285162560641766
342	CHEMBL278395-CHEMBL23591	1	1475	99	0	0.0	5.382654853747226e-05
343	CHEMBL3261389-CHEMBL3261395	1	1475	99	0	0.0	6.161900416995492e-13
344	CHEMBL3342499-CHEMBL3298344	1	1475	99	0	0.0	0.0003994988219346851
345	CHEMBL3944032-CHEMBL3909323	1	1475	99	0	0.0	4.458816817987099e-07
346	CHEMBL3585750-CHEMBL3585754_CHEMBL3585755	1	1475	99	0	0.0	1.678323170543894e-12
347	CHEMBL3604509-CHEMBL3311025	1	1475	99	1	1.0	0.9842028617858887
348	CHEMBL3261392-CHEMBL3401463	1	1475	99	0	0.0	2.191945843582621e-12
349	CHEMBL2048929-CHEMBL2048930	1	1475	99	0	0.0	3.296396755558817e-07
350	CHEMBL4585732-CHEMBL4573514	1	1475	99	0	0.0	7.234724971882933e-13
351	CHEMBL3126824-CHEMBL3126806	1	1475	99	0	0.0	1.3592635696113575e-05
352	CHEMBL3356258-CHEMBL3356257	1	1475	99	0	0.0	4.548389256342489e-07
353	CHEMBL1288596-CHEMBL1288620	1	1475	99	0	0.0	1.0557479299677652e-06
354	CHEMBL4290328-CHEMBL4286489	1	1475	99	0	0.0	4.546463685528579e-07
355	CHEMBL362499-CHEMBL363931	1	1475	99	0	0.0	5.455030205325784e-09
356	CHEMBL3586212-CHEMBL3310915	1	1475	99	0	0.0	5.467211849463638e-06
357	CHEMBL3601543-CHEMBL3601542	1	1475	99	0	0.0	9.688073987490498e-06
358	CHEMBL4175397-CHEMBL4174691	1	1475	99	0	0.0	1.025731040903144e-12
359	CHEMBL4548338-CHEMBL4460067	1	1475	99	0	0.0	5.269509983918397e-08
360	CHEMBL3343322_CHEMBL3343323-CHEMBL3608320_CHEMBL3609437	1	1475	99	0	0.0	0.001136135426349938
361	CHEMBL3402958-CHEMBL3359170	1	1475	99	0	0.0	5.145118848304264e-05
362	CHEMBL3261390-CHEMBL3401463	1	1475	99	0	0.0	1.6263088098433798e-11
363	CHEMBL470399_CHEMBL472077-CHEMBL2113266	1	1475	99	0	0.0	2.0350158592918888e-05
364	CHEMBL4248709-CHEMBL4239935	1	1475	99	0	0.0	5.739504427282327e-09
365	CHEMBL4474063-CHEMBL4573514	1	1475	99	0	0.0	4.2434653881040507e-13
366	CHEMBL3342487-CHEMBL3342492	1	1475	99	0	0.0	2.0135834688517207e-07
367	CHEMBL1164966-CHEMBL1164486	1	1475	99	0	0.0	0.003090702695772052
368	CHEMBL2333966-CHEMBL193648	1	1475	99	0	0.0	1.0380187632108573e-05
369	CHEMBL3261391-CHEMBL3401463	1	1475	99	0	0.0	6.147918545779119e-13
370	CHEMBL3126817-CHEMBL3126814	1	1475	99	0	0.0	0.0004981065285392106
371	CHEMBL4643162-CHEMBL4644997	1	1475	99	0	0.0	1.9152421373291872e-06
372	CHEMBL3310915-CHEMBL3311023	1	1475	99	0	0.0	5.847783540957607e-05
373	CHEMBL4649709-CHEMBL4450272	1	1475	99	0	0.0	2.3796787900209893e-06
374	CHEMBL3809848-CHEMBL3613514	1	1475	99	0	0.0	1.6085034693080758e-10
375	CHEMBL1165321-CHEMBL1164486	1	1475	99	0	0.0	2.8912731067975983e-05
376	CHEMBL3586220-CHEMBL3311028	1	1475	99	0	0.0	0.018636351451277733
377	CHEMBL3126806-CHEMBL3126805	1	1475	99	0	0.0	1.1145858479721937e-05
378	CHEMBL3342492-CHEMBL3342486	1	1475	99	0	0.0	2.2405785671253398e-07
379	CHEMBL3979541-CHEMBL3973519	1	1475	99	0	0.0	0.00022176795755513012
380	CHEMBL4160117-CHEMBL4175236	1	1475	99	0	0.0	3.150025795761735e-09
381	CHEMBL3310911-CHEMBL3310916	1	1475	99	0	0.0	0.0010893252911046147
382	CHEMBL3104065-CHEMBL3104063	1	1475	99	0	0.0	8.114259982574447e-17
383	CHEMBL4632845-CHEMBL4633334	1	1475	99	1	0.0	0.0063671148382127285
384	CHEMBL3298343-CHEMBL3342499	1	1475	99	0	0.0	0.08171962946653366
385	CHEMBL4445725-CHEMBL4529795	1	1475	99	0	0.0	5.051025708802115e-10
386	CHEMBL4293518-CHEMBL4282594	1	1475	99	0	0.0	1.0114756948675918e-10
387	CHEMBL3944032-CHEMBL3973519	1	1475	99	0	0.0	3.5582543205237016e-06
388	CHEMBL215276-CHEMBL380158	1	1475	99	0	0.0	0.0044212425127625465
389	CHEMBL4568027-CHEMBL4462536	1	1475	99	0	0.0	7.344981844958909e-10
390	CHEMBL4280099-CHEMBL4281197	1	1475	99	0	0.0	0.00015838666877243668
391	CHEMBL2436876-CHEMBL2436879	1	1475	99	0	0.0	2.046128884103382e-06
392	CHEMBL193964-CHEMBL2164733	1	1475	99	0	0.0	1.8025504644469947e-08
393	CHEMBL4247127-CHEMBL4240831	1	1475	99	0	0.0	8.40892855347164e-10
394	CHEMBL3809848-CHEMBL3613524	1	1475	99	0	0.0	3.2570057761915905e-09
395	CHEMBL187259-CHEMBL3823618	1	1475	99	0	0.0	8.11387579346956e-09
396	CHEMBL4175236-CHEMBL4167366	1	1475	99	0	0.0	7.722009663646556e-12
397	CHEMBL4171363-CHEMBL4164589	1	1475	99	0	0.0	1.495464552192516e-08
398	CHEMBL1736901-CHEMBL3609199	1	1475	99	0	0.0	0.00265829567797482
399	CHEMBL4529795-CHEMBL4460067	1	1475	99	0	0.0	1.3174617841116287e-08
400	CHEMBL3310915-CHEMBL3586218	1	1475	99	0	0.0	8.267616794910282e-05
401	CHEMBL196435-CHEMBL195978	1	1475	99	0	0.0	4.962259936291957e-09
402	CHEMBL4288695-CHEMBL4281925	1	1475	99	0	0.0	0.004260689951479435
403	CHEMBL4643162-CHEMBL4634837	1	1475	99	0	0.0	4.859692808167893e-07
404	CHEMBL4464320-CHEMBL4468548	1	1475	99	0	0.0	4.653213909477927e-05
405	CHEMBL3609481-CHEMBL3609199	1	1475	99	0	0.0	0.00013234338257461786
406	CHEMBL4633355-CHEMBL4644997	1	1475	99	0	0.0	2.4912683471711716e-08
407	CHEMBL3601536-CHEMBL3601535	1	1475	99	0	0.0	2.515119376766961e-05
408	CHEMBL3604406-CHEMBL3604514	1	1475	99	0	0.0	0.00037174427416175604
409	CHEMBL3604418-CHEMBL3586215	1	1475	99	0	1.0	0.9169384837150574
410	CHEMBL3604406-CHEMBL3586219	1	1475	99	1	1.0	0.9332128167152405
411	CHEMBL3235172-CHEMBL3235168	1	1475	99	0	0.0	6.506470526801422e-05
412	CHEMBL4070634-CHEMBL4075030	1	1475	99	0	0.0	8.319550204305415e-08
413	CHEMBL3356269-CHEMBL3356268	1	1475	99	0	0.0	0.0168607234954834
414	CHEMBL3329923_CHEMBL3329926-CHEMBL2323134_CHEMBL2323136	1	1475	99	0	0.0	4.204876233870891e-07
415	CHEMBL3609196-CHEMBL3609481	1	1475	99	0	0.0	0.00016122740635182709
416	CHEMBL4089153-CHEMBL4069597_CHEMBL4082238	1	1475	99	0	0.0	0.0013773207319900393
417	CHEMBL3356269-CHEMBL3356273	1	1475	99	0	0.0	1.7886972045744187e-06
418	CHEMBL3604406-CHEMBL3604515	1	1475	99	0	0.0	0.00108950468711555
419	CHEMBL3604405-CHEMBL3604406	1	1475	99	0	0.0	3.420283246668987e-05
420	CHEMBL3808553-CHEMBL3809966	1	1475	99	0	0.0	2.2490500573013605e-09
421	CHEMBL3127564-CHEMBL3127560	1	1475	99	1	1.0	0.9700221419334412
422	CHEMBL3356279-CHEMBL3356274	1	1475	99	0	0.0	7.816088327672333e-05
423	CHEMBL3342491-CHEMBL3342495	1	1475	99	0	0.0	0.4647321105003357
424	CHEMBL3352855-CHEMBL3356267	1	1475	99	0	0.0	0.2572547197341919
425	CHEMBL2323135_CHEMBL2323137-CHEMBL2323134_CHEMBL2323136	1	1475	99	0	0.0	1.3831480600856594e-06
426	CHEMBL4469524-CHEMBL4522179	1	1475	99	0	0.0	3.019065220044581e-09
427	CHEMBL1164966-CHEMBL1163376	1	1475	99	0	0.0	0.3431151509284973
428	CHEMBL4092504-CHEMBL4062048	1	1475	99	1	1.0	0.8030315637588501
429	CHEMBL2333976-CHEMBL4562842	1	1475	99	1	1.0	0.9653088450431824
430	CHEMBL3609195-CHEMBL3609478	1	1475	99	0	0.0	0.009317932650446892
431	CHEMBL4538508-CHEMBL4441389	1	1475	99	0	0.0	6.0344955699065395e-09
432	CHEMBL4643700-CHEMBL4649709	1	1475	99	0	0.0	2.1045038067768473e-07
433	CHEMBL204740-CHEMBL208531	1	1475	99	1	1.0	0.7475371956825256
434	CHEMBL3126817-CHEMBL3126819	1	1475	99	0	0.0	2.0233042619111075e-07
435	CHEMBL4247007-CHEMBL4250368	1	1475	99	0	0.0	3.145421214867383e-05
436	CHEMBL4292113-CHEMBL4284225	1	1475	99	0	0.0	0.00035384128568693995
437	CHEMBL3261387-CHEMBL3261389	1	1475	99	0	0.0	2.1939190102213818e-13
438	CHEMBL4454802-CHEMBL4462614	1	1475	99	1	1.0	0.7243516445159912
439	CHEMBL3609195-CHEMBL3609199	1	1475	99	0	0.0	0.0007052508881315589
440	CHEMBL2333590-CHEMBL448695	1	1475	99	0	0.0	5.926661106059328e-05
441	CHEMBL2436880-CHEMBL2436878	1	1475	99	0	0.0	1.5353089466429992e-08
442	CHEMBL4555212-CHEMBL4526879	1	1475	99	0	0.0	9.722546323587267e-09
443	CHEMBL3104063-CHEMBL3104366	1	1475	99	0	0.0	2.404773700049462e-13
444	CHEMBL3310911-CHEMBL3604416	1	1475	99	1	1.0	0.9981147050857544
445	CHEMBL193964-CHEMBL195811	1	1475	99	0	0.0	9.128414690806608e-10
446	CHEMBL2336621-CHEMBL2336633	1	1475	99	0	0.0	1.1398730748624075e-05
447	CHEMBL1813209-CHEMBL1738792	1	1475	99	0	0.0	2.5380049351042544e-07
448	CHEMBL3126824-CHEMBL3126812	1	1475	99	0	0.0	3.757873798804212e-07
449	CHEMBL4244142-CHEMBL4244589	1	1475	99	0	0.0	3.4280314142876023e-09
450	CHEMBL3609481-CHEMBL3609201	1	1475	99	0	0.0	0.00017352412396576256
451	CHEMBL4243345-CHEMBL4244744	1	1475	99	0	0.0	6.264911434072928e-08
452	CHEMBL3310911-CHEMBL3604405	1	1475	99	0	0.0	0.011192581616342068
453	CHEMBL3402961-CHEMBL3359171	1	1475	99	0	0.0	1.0145720807486214e-05
454	CHEMBL3342249-CHEMBL3342248	1	1475	99	1	1.0	0.9666719436645508
455	CHEMBL3604409-CHEMBL3586216	1	1475	99	0	0.0	0.002145365346223116
456	CHEMBL4160295-CHEMBL4163665	1	1475	99	0	0.0	4.572967071680978e-08
457	CHEMBL4454859-CHEMBL4559832	1	1475	99	0	0.0	2.278083854889701e-07
458	CHEMBL3601544-CHEMBL3601543	1	1475	99	0	0.0	1.544371662021149e-05
459	CHEMBL3126807-CHEMBL3126808	1	1475	99	0	0.0	1.1870919358614174e-08
460	CHEMBL4203780-CHEMBL4082922	1	1475	99	0	0.0	0.0019357051933184266
461	CHEMBL3121765-CHEMBL3121766	1	1475	99	0	0.0	6.906521576865998e-08
462	CHEMBL3104156-CHEMBL3104364	1	1475	99	0	0.0	1.4293738718682003e-12
463	CHEMBL3586212-CHEMBL3311028	1	1475	99	0	0.0	2.698082425922621e-06
464	CHEMBL4642319-CHEMBL4646670	1	1475	99	0	0.0	8.392875315621495e-06
465	CHEMBL3604515-CHEMBL3604409	1	1475	99	0	0.0	0.00034684728598222136
466	CHEMBL3604404-CHEMBL3310915	1	1475	99	0	0.0	0.0071668424643576145
467	CHEMBL2337541-CHEMBL2337534	1	1475	99	0	0.0	1.1123358945042128e-06
468	CHEMBL3104365-CHEMBL3104369	1	1475	99	0	0.0	2.924576542311791e-13
469	CHEMBL3104060-CHEMBL3104369	1	1475	99	0	0.0	1.3637222319277942e-13
470	CHEMBL2336621-CHEMBL2336632	1	1475	99	0	0.0	1.3683602162473107e-07
471	CHEMBL4174295-CHEMBL4167473	1	1475	99	0	0.0	9.650859755447327e-13
472	CHEMBL1978880-CHEMBL2333585	1	1475	99	0	0.0	2.5698432182252873e-06
473	CHEMBL4458581-CHEMBL4537582	1	1475	99	0	0.0	3.696640149541963e-08
474	CHEMBL3121770-CHEMBL3121767	1	1475	99	0	0.0	1.0884977363900816e-08
475	CHEMBL3104156-CHEMBL3104061	1	1475	99	0	0.0	5.944171804078691e-12
476	CHEMBL3402961-CHEMBL3402960	1	1475	99	0	0.0	4.1528688598191366e-05
477	CHEMBL4288399-CHEMBL4281197	1	1475	99	0	0.0	0.0006711898604407907
478	CHEMBL3342253-CHEMBL3342247	1	1475	99	0	0.0	0.010866474360227585
479	CHEMBL427329-CHEMBL2164735	1	1475	99	0	0.0	8.286969332971239e-09
480	CHEMBL4644997-CHEMBL4643924	1	1475	99	0	0.0	8.872080456967524e-07
481	CHEMBL2436867-CHEMBL2436879	1	1475	99	0	0.0	8.7179117258529e-09
482	CHEMBL3604514-CHEMBL3604414	1	1475	99	0	0.0	0.0026125693693757057
483	CHEMBL3356277-CHEMBL3356276	1	1475	99	0	0.0	4.473231820156798e-05
484	CHEMBL2436867-CHEMBL2436880	1	1475	99	0	0.0	7.02540381425365e-09
485	CHEMBL3322439-CHEMBL3322437	1	1475	99	0	0.0	5.3437179303728044e-05
486	CHEMBL4575531-CHEMBL4578890	1	1475	99	0	0.0	4.2903209873657033e-08
487	CHEMBL3609476-CHEMBL3609475	1	1475	99	0	0.0	0.00015917395649012178
488	CHEMBL3124967-CHEMBL3127572	1	1475	99	0	0.0	2.9585140737253823e-07
489	CHEMBL4645839-CHEMBL4643115	1	1475	99	0	0.0	2.3462375793315005e-06
490	CHEMBL3758522-CHEMBL3760055	1	1475	99	1	0.0	7.799982995493338e-05
491	CHEMBL3126811-CHEMBL3126808	1	1475	99	0	0.0	1.004540450821878e-07
492	CHEMBL3609195-CHEMBL3609475	1	1475	99	0	0.0	0.0005780402570962906
493	CHEMBL3586212-CHEMBL3604416	1	1475	99	1	1.0	0.8809164762496948
494	CHEMBL3126804-CHEMBL3126808	1	1475	99	0	0.0	2.9631621600856306e-07
495	CHEMBL3310912-CHEMBL3586211	1	1475	99	0	0.0	0.0031122511718422174
496	CHEMBL3604409-CHEMBL3310913	1	1475	99	0	0.0	0.022228999063372612
497	CHEMBL3104157-CHEMBL3104365	1	1475	99	0	0.0	3.639081901487054e-14
498	CHEMBL3310911-CHEMBL3311025	1	1475	99	0	0.0	0.0005823225365020335
499	CHEMBL195147-CHEMBL2164732	1	1475	99	0	0.0	1.552145818095596e-06
500	CHEMBL2333964-CHEMBL3359170	1	1475	99	1	1.0	0.9954248070716858
501	CHEMBL3342487-CHEMBL3342494	1	1475	99	0	0.0	0.0018446514150127769
502	CHEMBL1338403-CHEMBL3359170	1	1475	99	0	0.0	9.470973964198492e-06
503	CHEMBL4243927-CHEMBL4250368	1	1475	99	0	0.0	2.02413343686203e-06
504	CHEMBL187919-CHEMBL366082	1	1475	99	0	0.0	3.9208792462774866e-11
505	CHEMBL2333588-CHEMBL2333587	1	1475	99	0	0.0	6.88792351866141e-05
506	CHEMBL3261388-CHEMBL3261389	1	1475	99	0	0.0	3.093301710697244e-13
507	CHEMBL3604405-CHEMBL3586220	1	1475	99	0	0.0	0.00013196218060329556
508	CHEMBL3126812-CHEMBL3126820	1	1475	99	0	0.0	1.167604324336935e-07
509	CHEMBL4579267-CHEMBL4524590	1	1475	99	0	0.0	1.0151295803950688e-08
510	CHEMBL3604418-CHEMBL3604406	1	1475	99	0	0.0	0.0012844549492001534
511	CHEMBL3104049-CHEMBL3104061	1	1475	99	0	0.0	1.3180052535477493e-11
512	CHEMBL3604409-CHEMBL3604404	1	1475	99	0	0.0	0.00014783578808419406
513	CHEMBL3352855-CHEMBL3356265	1	1475	99	0	1.0	0.6302027106285095
514	CHEMBL3604515-CHEMBL3586218	1	1475	99	0	0.0	0.0005309873376972973
515	CHEMBL3127573-CHEMBL3127572	1	1475	99	0	0.0	0.00010222125274594873
516	CHEMBL4290322-CHEMBL4277762	1	1475	99	0	0.0	9.360319186413335e-10
517	CHEMBL3104053-CHEMBL3104065	1	1475	99	0	0.0	5.379537757637699e-14
518	CHEMBL1593568_CHEMBL419-CHEMBL3819545	1	1475	99	1	1.0	0.9798991680145264
519	CHEMBL3127574-CHEMBL3127573	1	1475	99	0	0.0	3.84178591161799e-08
520	CHEMBL4473283-CHEMBL4524590	1	1475	99	0	0.0	1.7980296418418362e-10
521	CHEMBL3609196-CHEMBL3609199	1	1475	99	0	0.0	9.531925024930388e-05
522	CHEMBL3356265-CHEMBL3356267	1	1475	99	0	0.0	0.2613954544067383
523	CHEMBL3356258-CHEMBL3356261	1	1475	99	0	0.0	7.275460234268394e-07
524	CHEMBL3104058-CHEMBL3104367	1	1475	99	0	0.0	4.5189572570047964e-12
525	CHEMBL1288594-CHEMBL1288596	1	1475	99	0	0.0	8.611458497398417e-07
526	CHEMBL196544-CHEMBL197042	1	1475	99	0	0.0	0.00023979748948477209
527	CHEMBL1288594-CHEMBL1288620	1	1475	99	0	0.0	3.188934840636648e-07
528	CHEMBL4548338-CHEMBL4475016	1	1475	99	0	0.0	6.718561262886169e-09
529	CHEMBL4464320-CHEMBL4559832	1	1475	99	0	0.0	0.010226328857243061
530	CHEMBL3608893-CHEMBL3608894	1	1475	99	0	0.0	0.00022798329882789403
531	CHEMBL4251418-CHEMBL4248394	1	1475	99	0	0.0	3.850872417388018e-06
532	CHEMBL362499-CHEMBL365507	1	1475	99	0	0.0	2.0285769591898983e-11
533	CHEMBL4438304-CHEMBL4466660	1	1475	99	0	0.0	1.325602596580211e-07
534	CHEMBL187974-CHEMBL187947	1	1475	99	0	0.0	7.058918987529195e-12
535	CHEMBL3402960-CHEMBL3359171	1	1475	99	0	0.0	2.5243107302230783e-05
536	CHEMBL372888-CHEMBL187947	1	1475	99	0	0.0	2.5300458342952803e-12
537	CHEMBL3261392-CHEMBL3401464	1	1475	99	0	0.0	2.8356960876663173e-12
538	CHEMBL3623676-CHEMBL3623674	1	1475	99	0	0.0	4.0854797589418013e-07
539	CHEMBL4170908-CHEMBL4167473	1	1475	99	0	0.0	5.0247042637785455e-11
540	CHEMBL3604416-CHEMBL3311023	1	1475	99	1	1.0	0.9979828596115112
541	CHEMBL3104050-CHEMBL3104365	1	1475	99	0	0.0	8.012109042627308e-14
542	CHEMBL3401465-CHEMBL3261387	1	1475	99	0	0.0	6.525815044594596e-13
543	CHEMBL146816-CHEMBL1940391	1	1475	99	0	0.0	6.35410856375529e-07
544	CHEMBL4640698-CHEMBL4632436	1	1475	99	0	0.0	3.3255328162340447e-06
545	CHEMBL3944032-CHEMBL3979541	1	1475	99	0	0.0	0.0008259973837994039
546	CHEMBL4160117-CHEMBL4163924	1	1475	99	0	0.0	2.027195251941283e-12
547	CHEMBL4454775-CHEMBL4555368	1	1475	99	0	0.0	3.301010940287563e-12
548	CHEMBL3127574-CHEMBL3127568	1	1475	99	0	0.0	3.887308963612668e-08
549	CHEMBL3126815-CHEMBL3126818	1	1475	99	0	0.0	2.64440007669009e-08
550	CHEMBL4643115-CHEMBL4453778	1	1475	99	0	0.0	1.3998170288687106e-05
551	CHEMBL4552517-CHEMBL4585562	1	1475	99	0	0.0	5.29506605229102e-10
552	CHEMBL4539483-CHEMBL4447240	1	1475	99	0	0.0	5.706870392918617e-11
553	CHEMBL3261390-CHEMBL3261392	1	1475	99	0	0.0	5.352390405888308e-12
554	CHEMBL3126825-CHEMBL3126811	1	1475	99	0	0.0	4.423876021064643e-08
555	CHEMBL3604406-CHEMBL3586216	1	1475	99	0	0.0	0.0006751106120646
556	CHEMBL4448721-CHEMBL3402833	1	1475	99	0	0.0	0.01627703383564949
557	CHEMBL4467898-CHEMBL4573514	1	1475	99	0	0.0	8.436504099484932e-12
558	CHEMBL2048925-CHEMBL2048927	1	1475	99	0	0.0	1.907102529230542e-07
559	CHEMBL2337540-CHEMBL4454802	1	1475	99	1	0.0	0.00020708540978375822
560	CHEMBL4475016-CHEMBL4460067	1	1475	99	0	0.0	8.794469152917372e-09
561	CHEMBL3604406-CHEMBL3586212	1	1475	99	0	0.0	0.00013430009130388498
562	CHEMBL4244142-CHEMBL4245748	1	1475	99	0	0.0	3.8122533396744984e-07
563	CHEMBL3126808-CHEMBL3126819	1	1475	99	0	0.0	1.589088749476275e-09
564	CHEMBL3261389-CHEMBL3261394	1	1475	99	0	0.0	2.872095573522304e-12
565	CHEMBL4643700-CHEMBL4633355	1	1475	99	0	0.0	7.476253216509576e-08
566	CHEMBL4166970_CHEMBL4167883-CHEMBL4163090_CHEMBL4171305	1	1475	99	0	0.0	8.28378865502799e-10
567	CHEMBL3127559-CHEMBL2326513	1	1475	99	0	0.0	0.07081151008605957
568	CHEMBL3604409-CHEMBL3311024	1	1475	99	0	0.0	0.006041391286998987
569	CHEMBL2336622-CHEMBL2331608	1	1475	99	0	0.0	5.1283950597280636e-05
570	CHEMBL4642319-CHEMBL4643700	1	1475	99	0	0.0	1.8463919104760862e-06
571	CHEMBL3104158-CHEMBL3104063	1	1475	99	0	0.0	8.373077892923769e-14
572	CHEMBL3310912-CHEMBL3586216	1	1475	99	0	0.0	7.863808423280716e-05
573	CHEMBL3604405-CHEMBL3604514	1	1475	99	0	0.0	0.0011026494903489947
574	CHEMBL1956745_CHEMBL1956749-CHEMBL1956743_CHEMBL1956747	1	1475	99	1	0.0	0.046540260314941406
575	CHEMBL3127569-CHEMBL3127568	1	1475	99	0	0.0	2.543060872994829e-08
576	CHEMBL3356271-CHEMBL3356270	1	1475	99	0	0.0	0.00044474247260950506
577	CHEMBL4170908-CHEMBL4159562	1	1475	99	0	0.0	4.2676581019085447e-11
578	CHEMBL3632829-CHEMBL3632826	1	1475	99	0	0.0	0.11743927001953125
579	CHEMBL4437281-CHEMBL4437653	1	1475	99	0	0.0	4.480456370498098e-12
580	CHEMBL49732-CHEMBL568516	1	1475	99	0	0.0	0.018362227827310562
581	CHEMBL4644997-CHEMBL4632436	1	1475	99	0	0.0	3.1570323244523024e-07
582	CHEMBL3311028-CHEMBL3310916	1	1475	99	0	0.0	2.9490729502867907e-05
583	CHEMBL3342501-CHEMBL3342491	1	1475	99	1	1.0	0.9997455477714539
584	CHEMBL3309359-CHEMBL3309358	1	1475	99	0	0.0	1.2600503396242857e-05
585	CHEMBL3586213-CHEMBL3586220	1	1475	99	1	1.0	0.9985020160675049
586	CHEMBL3356266-CHEMBL3356263	1	1475	99	1	1.0	0.7200931310653687
587	CHEMBL4244744-CHEMBL4244589	1	1475	99	0	0.0	3.363633993558324e-08
588	CHEMBL3604514-CHEMBL3310912	1	1475	99	0	0.0	0.08507170528173447
589	CHEMBL3104059-CHEMBL3104368	1	1475	99	0	0.0	6.495812459976491e-13
590	CHEMBL4251418-CHEMBL4240831	1	1475	99	0	0.0	1.6774144739883923e-08
591	CHEMBL271911-CHEMBL3343262	1	1475	99	0	0.0	0.00010970895527862012
592	CHEMBL3585749-CHEMBL3585754_CHEMBL3585755	1	1475	99	0	0.0	1.7820325293529948e-12
593	CHEMBL4643700-CHEMBL4644997	1	1475	99	0	0.0	1.376096889771361e-07
594	CHEMBL3979541-CHEMBL3909323	1	1475	99	0	0.0	1.9225308278691955e-06
595	CHEMBL3311025-CHEMBL3310915	1	1475	99	0	0.0	3.936600478482433e-05
596	CHEMBL4242770-CHEMBL4250970	1	1475	99	0	0.0	4.61657961858819e-10
597	CHEMBL4586587-CHEMBL4533369	1	1475	99	0	0.0	2.158048181344699e-13
598	CHEMBL4642319-CHEMBL4633355	1	1475	99	0	0.0	7.091326210684201e-07
599	CHEMBL195811-CHEMBL365344	1	1475	99	0	0.0	4.2635249497546823e-11
600	CHEMBL4174345-CHEMBL4170536	1	1475	99	0	0.0	1.6021448612235645e-09
601	CHEMBL2333966-CHEMBL3402960	1	1475	99	0	0.0	0.0444425567984581
602	CHEMBL3604406-CHEMBL3604409	1	1475	99	0	0.0	7.073862798279151e-05
603	CHEMBL3402961-CHEMBL3402959	1	1475	99	0	0.0	7.348845974775031e-05
604	CHEMBL3329922_CHEMBL3329925-CHEMBL2323135_CHEMBL2323137	1	1475	99	0	0.0	4.850007258028199e-07
605	CHEMBL2333966-CHEMBL3402958	1	1475	99	0	0.0	0.03603532910346985
606	CHEMBL3342486-CHEMBL3342495	1	1475	99	0	0.0	0.003988582640886307
607	CHEMBL4161360_CHEMBL4171956-CHEMBL4165182_CHEMBL4173083	1	1475	99	0	0.0	1.762160972695881e-09
608	CHEMBL3633778-CHEMBL3633779	1	1475	99	0	0.0	3.338926433116285e-07
609	CHEMBL4476550-CHEMBL4443515	1	1475	99	0	0.0	2.7190280889044516e-05
610	CHEMBL3309357-CHEMBL3309359	1	1475	99	0	0.0	1.9476416127872653e-05
611	CHEMBL236052_CHEMBL394471-CHEMBL3609432_CHEMBL3609433	1	1475	99	0	0.0	6.563049282704014e-06
612	CHEMBL4443546-CHEMBL4436185	1	1475	99	0	0.0	8.580583465978009e-11
613	CHEMBL4643700-CHEMBL4450272	1	1475	99	0	0.0	2.1820885649503907e-06
614	CHEMBL4454775-CHEMBL4445271	1	1475	99	0	0.0	9.711833117223567e-13
615	CHEMBL4246204-CHEMBL4239935	1	1475	99	0	0.0	2.5574624640256616e-09
616	CHEMBL3125553-CHEMBL4473283	1	1475	99	0	0.0	3.190225167370997e-11
617	CHEMBL2336620-CHEMBL2336632	1	1475	99	0	0.0	2.068799403787125e-06
618	CHEMBL4163090_CHEMBL4171305-CHEMBL4165548_CHEMBL4176156	1	1475	99	0	0.0	3.1936162048218364e-11
619	CHEMBL3604409-CHEMBL3586218	1	1475	99	0	0.0	0.0002649840898811817
620	CHEMBL1813210-CHEMBL1813211	1	1475	99	0	0.0	1.4944471615763177e-07
621	CHEMBL3124967-CHEMBL3127566	1	1475	99	0	0.0	1.0864961375034454e-08
622	CHEMBL4643700-CHEMBL4453778	1	1475	99	0	0.0	2.87880061478063e-06
623	CHEMBL4244589-CHEMBL4250970	1	1475	99	0	0.0	1.662694870674386e-08
624	CHEMBL3342488-CHEMBL3342494	1	1475	99	0	0.0	0.001375071587972343
625	CHEMBL4247127-CHEMBL4245748	1	1475	99	0	0.0	1.093430901377701e-09
626	CHEMBL4538508-CHEMBL4452122	1	1475	99	0	0.0	4.069979908649657e-09
627	CHEMBL3235167-CHEMBL3235166	1	1475	99	0	0.0	8.396201565119554e-07
628	CHEMBL3104160-CHEMBL3104158	1	1475	99	0	0.0	4.635657795601096e-17
629	CHEMBL3808553-CHEMBL3809038	1	1475	99	0	0.0	7.543471625126585e-09
630	CHEMBL3104155-CHEMBL3104369	1	1475	99	0	0.0	3.510581582377714e-14
631	CHEMBL4203646-CHEMBL4079507	1	1475	99	0	0.0	3.7455243351303125e-09
632	CHEMBL3127573-CHEMBL3124967	1	1475	99	0	0.0	7.923922851205134e-09
