	ids	cid	#tr	#ac_tr	trueY	predY	prob
0	CHEMBL218262-CHEMBL218568	0.0	865	25	-1	-1	-1.093850532309739
1	CHEMBL218262-CHEMBL220713	0.0	865	25	-1	-1	-1.0924852806649965
2	CHEMBL220765-CHEMBL218262	0.0	865	25	-1	-1	-1.0657902509691155
3	CHEMBL220766-CHEMBL218262	0.0	865	25	-1	-1	-1.0646328663462388
4	CHEMBL376737-CHEMBL218262	0.0	865	25	-1	-1	-1.049274577937918
5	CHEMBL383879-CHEMBL218262	0.0	865	25	1	-1	-1.0206658908222337
6	CHEMBL218262-CHEMBL384199	0.0	865	25	-1	-1	-1.1001494609077205
7	CHEMBL384649-CHEMBL218262	0.0	865	25	-1	-1	-1.0678183317077163
8	CHEMBL218262-CHEMBL386073	0.0	865	25	-1	-1	-1.1339661583008713
9	CHEMBL386493-CHEMBL218262	0.0	865	25	-1	-1	-1.0667616187078788
10	CHEMBL220713-CHEMBL218568	0.0	865	25	-1	-1	-0.9985624331886374
11	CHEMBL220765-CHEMBL218568	0.0	865	25	-1	-1	-1.0369952355363057
12	CHEMBL220766-CHEMBL218568	0.0	865	25	-1	-1	-1.0402503363307603
13	CHEMBL376737-CHEMBL218568	0.0	865	25	-1	-1	-1.0205697621156657
14	CHEMBL383879-CHEMBL218568	0.0	865	25	1	-1	-0.9950692033089988
15	CHEMBL384199-CHEMBL218568	0.0	865	25	-1	-1	-1.014144999120981
16	CHEMBL384649-CHEMBL218568	0.0	865	25	-1	-1	-1.044116291621498
17	CHEMBL385607-CHEMBL218568	0.0	865	25	1	-1	-1.0307842440333834
18	CHEMBL386073-CHEMBL218568	0.0	865	25	-1	-1	-1.0460485405396867
19	CHEMBL386493-CHEMBL218568	0.0	865	25	-1	-1	-1.0380137962322566
20	CHEMBL220765-CHEMBL220713	0.0	865	25	-1	-1	-1.0356299838915635
21	CHEMBL220766-CHEMBL220713	0.0	865	25	-1	-1	-1.0390157307764238
22	CHEMBL376737-CHEMBL220713	0.0	865	25	-1	-1	-1.0192790381270413
23	CHEMBL383879-CHEMBL220713	0.0	865	25	1	-1	-0.9938345977546624
24	CHEMBL384199-CHEMBL220713	0.0	865	25	-1	-1	-1.0146793927417284
25	CHEMBL384649-CHEMBL220713	0.0	865	25	-1	-1	-1.0429992675485271
26	CHEMBL386073-CHEMBL220713	0.0	865	25	-1	-1	-1.0444281207496202
27	CHEMBL386493-CHEMBL220713	0.0	865	25	-1	-1	-1.0366485445875142
28	CHEMBL220765-CHEMBL376737	0.0	865	25	1	-1	-0.9984061019421331
29	CHEMBL383879-CHEMBL220765	0.0	865	25	1	-1	-0.9716992321293483
30	CHEMBL220765-CHEMBL384199	0.0	865	25	-1	-1	-1.048556782069651
31	CHEMBL384649-CHEMBL220765	0.0	865	25	-1	-1	-1.023096281424034
32	CHEMBL220765-CHEMBL385607	0.0	865	25	-1	-1	-1.0086205838598508
33	CHEMBL220765-CHEMBL386073	0.0	865	25	-1	-1	-1.0771108615274378
34	CHEMBL220765-CHEMBL386493	0.0	865	25	-1	-1	-1.014965241768016
35	CHEMBL220766-CHEMBL376737	0.0	865	25	-1	-1	-0.9950776813751272
36	CHEMBL220766-CHEMBL383879	0.0	865	25	1	-1	-0.97960453944204
37	CHEMBL220766-CHEMBL385607	0.0	865	25	1	-1	-1.0082063146007918
38	CHEMBL220766-CHEMBL386073	0.0	865	25	-1	-1	-1.075010656985922
39	CHEMBL383879-CHEMBL376737	0.0	865	25	1	-1	-1.0028137317266796
40	CHEMBL376737-CHEMBL384199	0.0	865	25	1	-1	-1.036153989272535
41	CHEMBL384649-CHEMBL376737	0.0	865	25	1	-1	-1.0195577912229854
42	CHEMBL376737-CHEMBL385607	0.0	865	25	1	-1	-1.005660508480327
43	CHEMBL376737-CHEMBL386493	0.0	865	25	1	-1	-0.9993222718336296
44	CHEMBL383879-CHEMBL384199	0.0	865	25	1	-1	-1.0202223327855104
45	CHEMBL383879-CHEMBL384649	0.0	865	25	1	-1	-1.0097453508846472
46	CHEMBL383879-CHEMBL385607	0.0	865	25	-1	-1	-0.9886383408872769
47	CHEMBL383879-CHEMBL386073	0.0	865	25	1	-1	-1.0200032559801755
48	CHEMBL384649-CHEMBL384199	0.0	865	25	-1	-1	-1.0584276834069353
49	CHEMBL385607-CHEMBL384199	0.0	865	25	-1	-1	-1.0440913312912268
50	CHEMBL386073-CHEMBL384199	0.0	865	25	-1	-1	-1.0611148672431892
51	CHEMBL386493-CHEMBL384199	0.0	865	25	-1	-1	-1.049468423553753
52	CHEMBL384649-CHEMBL385607	0.0	865	25	-1	-1	-1.0324093353163646
53	CHEMBL384649-CHEMBL386073	0.0	865	25	-1	-1	-1.0499545710938416
54	CHEMBL384649-CHEMBL386493	0.0	865	25	-1	-1	-1.0240287339892613
55	CHEMBL385607-CHEMBL386073	0.0	865	25	-1	-1	-1.068388671285209
56	CHEMBL385607-CHEMBL386493	0.0	865	25	-1	-1	-1.0095367537513475
57	CHEMBL386493-CHEMBL386073	0.0	865	25	-1	-1	-1.0782020703276616
58	CHEMBL1173532-CHEMBL1818453	1.0	848	31	-1	1	0.3168194029300365
59	CHEMBL1173532-CHEMBL1818458	1.0	848	31	-1	1	0.31690977150913235
60	CHEMBL1173532-CHEMBL1818459	1.0	848	31	-1	1	0.31709685130367016
61	CHEMBL1173532-CHEMBL1818463	1.0	848	31	-1	1	0.316766262186114
62	CHEMBL1173532-CHEMBL1818464	1.0	848	31	-1	1	0.3171777716608602
63	CHEMBL1173532-CHEMBL1818465	1.0	848	31	-1	1	0.31770141039479494
64	CHEMBL1173532-CHEMBL1818466	1.0	848	31	-1	1	0.31697858592428363
65	CHEMBL1173532-CHEMBL1818467	1.0	848	31	-1	1	0.3169213209021466
66	CHEMBL1173532-CHEMBL1818468	1.0	848	31	-1	1	0.31688553975818134
67	CHEMBL1173532-CHEMBL1818469	1.0	848	31	-1	1	0.3167831062452049
68	CHEMBL1173532-CHEMBL1818544	1.0	848	31	1	1	0.31610080347519764
69	CHEMBL1173532-CHEMBL1818545	1.0	848	31	-1	1	0.31610080347519764
70	CHEMBL1818458-CHEMBL1818453	1.0	848	31	-1	1	0.31655781515853365
71	CHEMBL1818453-CHEMBL1818459	1.0	848	31	-1	1	0.3167160329289344
72	CHEMBL1818453-CHEMBL1818463	1.0	848	31	-1	1	0.3164513070793209
73	CHEMBL1818453-CHEMBL1818464	1.0	848	31	-1	1	0.31681260594591765
74	CHEMBL1818453-CHEMBL1818465	1.0	848	31	-1	1	0.31720764531503687
75	CHEMBL1818453-CHEMBL1818466	1.0	848	31	-1	1	0.3166835679273435
76	CHEMBL1818467-CHEMBL1818453	1.0	848	31	-1	1	0.3166213150190101
77	CHEMBL1818468-CHEMBL1818453	1.0	848	31	-1	1	0.31660661305054405
78	CHEMBL1818453-CHEMBL1818469	1.0	848	31	-1	1	0.31639312813898646
79	CHEMBL1818544-CHEMBL1818453	1.0	848	31	1	1	0.31594292468702295
80	CHEMBL1818453-CHEMBL1818545	1.0	848	31	-1	1	0.31594292468702295
81	CHEMBL1818458-CHEMBL1818459	1.0	848	31	-1	1	0.31631066764683713
82	CHEMBL1818458-CHEMBL1818464	1.0	848	31	-1	1	0.3162821945852322
83	CHEMBL1818458-CHEMBL1818465	1.0	848	31	-1	1	0.3167834384703352
84	CHEMBL1818458-CHEMBL1818466	1.0	848	31	-1	1	0.31628716128427414
85	CHEMBL1818467-CHEMBL1818458	1.0	848	31	-1	1	0.31619152875781165
86	CHEMBL1818458-CHEMBL1818468	1.0	848	31	-1	1	0.3166587586297597
87	CHEMBL1818458-CHEMBL1818469	1.0	848	31	-1	1	0.31651880751446276
88	CHEMBL1818458-CHEMBL1818545	1.0	848	31	-1	1	0.31605066185953357
89	CHEMBL1818459-CHEMBL1818463	1.0	848	31	-1	1	0.3167948011748303
90	CHEMBL1818459-CHEMBL1818464	1.0	848	31	-1	1	0.3165668365708187
91	CHEMBL1818465-CHEMBL1818459	1.0	848	31	-1	1	0.3169962267275579
92	CHEMBL1818466-CHEMBL1818459	1.0	848	31	-1	1	0.31648651547374884
93	CHEMBL1818467-CHEMBL1818459	1.0	848	31	-1	1	0.3163656352378769
94	CHEMBL1818468-CHEMBL1818459	1.0	848	31	-1	1	0.31681327473455956
95	CHEMBL1818459-CHEMBL1818469	1.0	848	31	-1	1	0.3166841472952913
96	CHEMBL1818544-CHEMBL1818459	1.0	848	31	1	1	0.3161989214584366
97	CHEMBL1818459-CHEMBL1818545	1.0	848	31	-1	1	0.31615714890309493
98	CHEMBL1818463-CHEMBL1818464	1.0	848	31	-1	1	0.316466051393817
99	CHEMBL1818465-CHEMBL1818463	1.0	848	31	-1	1	0.3173618926028858
100	CHEMBL1818466-CHEMBL1818463	1.0	848	31	-1	1	0.31662012831778946
101	CHEMBL1818467-CHEMBL1818463	1.0	848	31	-1	1	0.31652677854209693
102	CHEMBL1818468-CHEMBL1818463	1.0	848	31	-1	1	0.3165161603619022
103	CHEMBL1818463-CHEMBL1818469	1.0	848	31	-1	1	0.316410278316306
104	CHEMBL1818544-CHEMBL1818463	1.0	848	31	1	1	0.31580949147977844
105	CHEMBL1818463-CHEMBL1818545	1.0	848	31	-1	1	0.31580949147977844
106	CHEMBL1818465-CHEMBL1818464	1.0	848	31	-1	1	0.31706359445249593
107	CHEMBL1818466-CHEMBL1818464	1.0	848	31	-1	1	0.3165532088173687
108	CHEMBL1818467-CHEMBL1818464	1.0	848	31	-1	1	0.3164336660938359
109	CHEMBL1818468-CHEMBL1818464	1.0	848	31	-1	1	0.3168561806150216
110	CHEMBL1818464-CHEMBL1818469	1.0	848	31	-1	1	0.3167835805012715
111	CHEMBL1818544-CHEMBL1818464	1.0	848	31	1	1	0.3162620290849089
112	CHEMBL1818464-CHEMBL1818545	1.0	848	31	-1	1	0.3162620290849089
113	CHEMBL1818466-CHEMBL1818465	1.0	848	31	-1	1	0.3169353135343278
114	CHEMBL1818467-CHEMBL1818465	1.0	848	31	-1	1	0.3169561194037116
115	CHEMBL1818468-CHEMBL1818465	1.0	848	31	-1	1	0.31729458639876557
116	CHEMBL1818465-CHEMBL1818469	1.0	848	31	-1	1	0.3172069015620178
117	CHEMBL1818544-CHEMBL1818465	1.0	848	31	1	1	0.31665378966754226
118	CHEMBL1818465-CHEMBL1818545	1.0	848	31	-1	1	0.31665378966754226
119	CHEMBL1818467-CHEMBL1818466	1.0	848	31	-1	1	0.3162291113826442
120	CHEMBL1818468-CHEMBL1818466	1.0	848	31	-1	1	0.3167444672096223
121	CHEMBL1818466-CHEMBL1818469	1.0	848	31	-1	1	0.3165998142160606
122	CHEMBL1818544-CHEMBL1818466	1.0	848	31	1	1	0.31606783649052755
123	CHEMBL1818466-CHEMBL1818545	1.0	848	31	-1	1	0.31606783649052755
124	CHEMBL1818467-CHEMBL1818468	1.0	848	31	-1	1	0.3166483511935802
125	CHEMBL1818467-CHEMBL1818469	1.0	848	31	-1	1	0.31653130767380433
126	CHEMBL1818467-CHEMBL1818544	1.0	848	31	1	1	0.31594525897008835
127	CHEMBL1818467-CHEMBL1818545	1.0	848	31	-1	1	0.31594525897008835
128	CHEMBL1818468-CHEMBL1818469	1.0	848	31	-1	1	0.31652839215470874
129	CHEMBL1818544-CHEMBL1818468	1.0	848	31	1	1	0.3159958598535462
130	CHEMBL1818468-CHEMBL1818545	1.0	848	31	-1	1	0.3159958598535462
131	CHEMBL1818469-CHEMBL1818545	1.0	848	31	-1	1	0.3158951752994148
132	CHEMBL1818544-CHEMBL1818545	1.0	848	31	1	1	0.3166135617711461
133	CHEMBL2447963_CHEMBL245920-CHEMBL245516	2.0	851	36	-1	-1	-0.674036912256978
134	CHEMBL2447963_CHEMBL245920-CHEMBL245715	2.0	851	36	-1	-1	-0.6775785406778966
135	CHEMBL2447963_CHEMBL245920-CHEMBL245716	2.0	851	36	-1	-1	-0.6742468764289689
136	CHEMBL2447963_CHEMBL245920-CHEMBL245919	2.0	851	36	-1	-1	-0.6773142293419324
137	CHEMBL2447963_CHEMBL245920-CHEMBL245921	2.0	851	36	-1	-1	-0.6766843482578591
138	CHEMBL2447963_CHEMBL245920-CHEMBL246125	2.0	851	36	-1	-1	-0.6718610166748442
139	CHEMBL2447963_CHEMBL245920-CHEMBL246126	2.0	851	36	1	-1	-0.6948929496609503
140	CHEMBL2447963_CHEMBL245920-CHEMBL248375	2.0	851	36	-1	-1	-0.6507423254748739
141	CHEMBL2447963_CHEMBL245920-CHEMBL391193	2.0	851	36	-1	-1	-0.6732506504545884
142	CHEMBL2447963_CHEMBL245920-CHEMBL394321	2.0	851	36	-1	-1	-0.6744420890285993
143	CHEMBL2447963_CHEMBL245920-CHEMBL394322	2.0	851	36	-1	-1	-0.677726481968729
144	CHEMBL245516-CHEMBL245714	2.0	851	36	-1	-1	-0.680115090408488
145	CHEMBL245516-CHEMBL245715	2.0	851	36	-1	-1	-0.6792882856829454
146	CHEMBL245516-CHEMBL245716	2.0	851	36	-1	-1	-0.6799947180654068
147	CHEMBL245516-CHEMBL245919	2.0	851	36	-1	-1	-0.6789097591990495
148	CHEMBL245516-CHEMBL245921	2.0	851	36	-1	-1	-0.6784260626170421
149	CHEMBL245516-CHEMBL246125	2.0	851	36	-1	-1	-0.6765331346381419
150	CHEMBL245516-CHEMBL246126	2.0	851	36	-1	-1	-0.7029051496012788
151	CHEMBL245516-CHEMBL248375	2.0	851	36	-1	-1	-0.6562852713446264
152	CHEMBL391193-CHEMBL245516	2.0	851	36	-1	-1	-0.6787561616660241
153	CHEMBL245516-CHEMBL394321	2.0	851	36	-1	-1	-0.6797671428579666
154	CHEMBL245516-CHEMBL394322	2.0	851	36	-1	-1	-0.6841054274266948
155	CHEMBL245714-CHEMBL245715	2.0	851	36	-1	-1	-0.6778937489000338
156	CHEMBL245716-CHEMBL245714	2.0	851	36	-1	-1	-0.6803506309122326
157	CHEMBL245714-CHEMBL245919	2.0	851	36	-1	-1	-0.6792160405306655
158	CHEMBL245714-CHEMBL246125	2.0	851	36	-1	-1	-0.6770730188242149
159	CHEMBL246126-CHEMBL245714	2.0	851	36	-1	-1	-0.7013629176925519
160	CHEMBL248375-CHEMBL245714	2.0	851	36	-1	-1	-0.6583981586385732
161	CHEMBL391193-CHEMBL245714	2.0	851	36	-1	-1	-0.6792502211881657
162	CHEMBL394322-CHEMBL245714	2.0	851	36	-1	-1	-0.6839875856578767
163	CHEMBL245716-CHEMBL245715	2.0	851	36	-1	-1	-0.6795439948935617
164	CHEMBL245919-CHEMBL245715	2.0	851	36	-1	-1	-0.6765176352047372
165	CHEMBL245921-CHEMBL245715	2.0	851	36	-1	-1	-0.6761470890731636
166	CHEMBL246125-CHEMBL245715	2.0	851	36	-1	-1	-0.6768063876964493
167	CHEMBL248375-CHEMBL245715	2.0	851	36	-1	-1	-0.6588527032884329
168	CHEMBL391193-CHEMBL245715	2.0	851	36	-1	-1	-0.6785895578879936
169	CHEMBL394321-CHEMBL245715	2.0	851	36	-1	-1	-0.6793126514433854
170	CHEMBL394322-CHEMBL245715	2.0	851	36	-1	-1	-0.6828238825662302
171	CHEMBL245716-CHEMBL245919	2.0	851	36	-1	-1	-0.6795945991416331
172	CHEMBL245716-CHEMBL245921	2.0	851	36	-1	-1	-0.6787390799257575
173	CHEMBL245716-CHEMBL246125	2.0	851	36	-1	-1	-0.6767578938085326
174	CHEMBL246126-CHEMBL245716	2.0	851	36	-1	-1	-0.7030699761408408
175	CHEMBL248375-CHEMBL245716	2.0	851	36	-1	-1	-0.6565333580719972
176	CHEMBL391193-CHEMBL245716	2.0	851	36	-1	-1	-0.6790630868298239
177	CHEMBL245716-CHEMBL394321	2.0	851	36	-1	-1	-0.6800152295853374
178	CHEMBL245716-CHEMBL394322	2.0	851	36	-1	-1	-0.6840886887270339
179	CHEMBL245921-CHEMBL245919	2.0	851	36	-1	-1	-0.67537513537758
180	CHEMBL246125-CHEMBL245919	2.0	851	36	-1	-1	-0.6763335911794015
181	CHEMBL246126-CHEMBL245919	2.0	851	36	1	-1	-0.699159321806849
182	CHEMBL248375-CHEMBL245919	2.0	851	36	-1	-1	-0.6569574865339771
183	CHEMBL391193-CHEMBL245919	2.0	851	36	-1	-1	-0.678167438510658
184	CHEMBL394321-CHEMBL245919	2.0	851	36	-1	-1	-0.6789015011647993
185	CHEMBL394322-CHEMBL245919	2.0	851	36	-1	-1	-0.6826502940493385
186	CHEMBL246125-CHEMBL245921	2.0	851	36	-1	-1	-0.6759119782583031
187	CHEMBL246126-CHEMBL245921	2.0	851	36	1	-1	-0.6987188124196637
188	CHEMBL248375-CHEMBL245921	2.0	851	36	-1	-1	-0.6565169771467918
189	CHEMBL391193-CHEMBL245921	2.0	851	36	-1	-1	-0.6790586853149773
190	CHEMBL394321-CHEMBL245921	2.0	851	36	-1	-1	-0.678460991777614
191	CHEMBL246126-CHEMBL246125	2.0	851	36	1	-1	-0.6972335982526308
192	CHEMBL248375-CHEMBL246125	2.0	851	36	-1	-1	-0.6558334280411567
193	CHEMBL391193-CHEMBL246125	2.0	851	36	-1	-1	-0.6757158731718652
194	CHEMBL394321-CHEMBL246125	2.0	851	36	-1	-1	-0.6767576782010036
195	CHEMBL394322-CHEMBL246125	2.0	851	36	-1	-1	-0.680264307125583
196	CHEMBL391193-CHEMBL246126	2.0	851	36	1	-1	-0.7019695664167739
197	CHEMBL246126-CHEMBL394322	2.0	851	36	-1	-1	-0.7066665239336279
198	CHEMBL391193-CHEMBL248375	2.0	851	36	-1	-1	-0.6554329483479304
199	CHEMBL248375-CHEMBL394321	2.0	851	36	-1	-1	-0.6580420315138211
200	CHEMBL248375-CHEMBL394322	2.0	851	36	-1	-1	-0.6601299058647845
201	CHEMBL391193-CHEMBL394321	2.0	851	36	-1	-1	-0.6789148198612706
202	CHEMBL391193-CHEMBL394322	2.0	851	36	-1	-1	-0.6828501323276513
203	CHEMBL394322-CHEMBL394321	2.0	851	36	-1	-1	-0.6836190200364614
204	CHEMBL232218-CHEMBL232010	3.0	761	38	-1	-1	-0.9134879921868787
205	CHEMBL232620-CHEMBL232010	3.0	761	38	-1	-1	-0.8631607983107668
206	CHEMBL232621-CHEMBL232010	3.0	761	38	-1	-1	-0.9091550189177451
207	CHEMBL232010-CHEMBL242817	3.0	761	38	-1	-1	-0.9321820702329262
208	CHEMBL232010-CHEMBL242820	3.0	761	38	-1	-1	-0.9522484319562532
209	CHEMBL245130-CHEMBL232010	3.0	761	38	-1	-1	-0.9509408792980958
210	CHEMBL394787-CHEMBL232010	3.0	761	38	1	-1	-0.9346511605307459
211	CHEMBL395022-CHEMBL232010	3.0	761	38	-1	-1	-0.6465736513757715
212	CHEMBL232010-CHEMBL396981	3.0	761	38	-1	-1	-0.9249559078092685
213	CHEMBL429440-CHEMBL232010	3.0	761	38	-1	-1	-0.9171680361169361
214	CHEMBL232620-CHEMBL232218	3.0	761	38	-1	-1	-0.8433256303592551
215	CHEMBL232621-CHEMBL232218	3.0	761	38	-1	-1	-0.8845374706239635
216	CHEMBL232218-CHEMBL242817	3.0	761	38	-1	-1	-0.8943282831042921
217	CHEMBL232218-CHEMBL242820	3.0	761	38	-1	-1	-0.8876436952750357
218	CHEMBL232218-CHEMBL245130	3.0	761	38	-1	-1	-0.8996277376988084
219	CHEMBL232218-CHEMBL394787	3.0	761	38	-1	-1	-0.8836776980458487
220	CHEMBL232218-CHEMBL395022	3.0	761	38	-1	-1	-0.6630741588768365
221	CHEMBL232218-CHEMBL396459	3.0	761	38	-1	-1	-0.8993525061169811
222	CHEMBL232218-CHEMBL396981	3.0	761	38	-1	-1	-0.8850141844947615
223	CHEMBL232218-CHEMBL429440	3.0	761	38	-1	-1	-0.8948770220593086
224	CHEMBL232620-CHEMBL232621	3.0	761	38	-1	-1	-0.8150242378766228
225	CHEMBL232620-CHEMBL242817	3.0	761	38	-1	-1	-0.8280277355500901
226	CHEMBL232620-CHEMBL245130	3.0	761	38	-1	-1	-0.8346493202761134
227	CHEMBL232620-CHEMBL394787	3.0	761	38	1	-1	-0.8012989501124299
228	CHEMBL232620-CHEMBL395022	3.0	761	38	-1	-1	-0.5453291454785161
229	CHEMBL232620-CHEMBL396459	3.0	761	38	1	-1	-0.8143898488077352
230	CHEMBL232620-CHEMBL396981	3.0	761	38	-1	-1	-0.836681756729761
231	CHEMBL232620-CHEMBL429440	3.0	761	38	-1	-1	-0.8388912198564111
232	CHEMBL232621-CHEMBL242817	3.0	761	38	-1	-1	-0.8767437391856656
233	CHEMBL232621-CHEMBL242820	3.0	761	38	-1	-1	-0.8763792882912333
234	CHEMBL232621-CHEMBL245130	3.0	761	38	-1	-1	-0.906579076211015
235	CHEMBL232621-CHEMBL394787	3.0	761	38	-1	-1	-0.8789513230171314
236	CHEMBL232621-CHEMBL395022	3.0	761	38	-1	-1	-0.6131811003542169
237	CHEMBL232621-CHEMBL396459	3.0	761	38	-1	-1	-0.9052918342114415
238	CHEMBL232621-CHEMBL396981	3.0	761	38	-1	-1	-0.8849842610803967
239	CHEMBL232621-CHEMBL429440	3.0	761	38	-1	-1	-0.886263688703472
240	CHEMBL242817-CHEMBL242820	3.0	761	38	-1	-1	-0.9011166167990492
241	CHEMBL245130-CHEMBL242817	3.0	761	38	-1	-1	-0.9159281910600126
242	CHEMBL394787-CHEMBL242817	3.0	761	38	-1	-1	-0.8980505930272661
243	CHEMBL395022-CHEMBL242817	3.0	761	38	-1	-1	-0.6216307147301035
244	CHEMBL396459-CHEMBL242817	3.0	761	38	-1	-1	-0.9169722977332093
245	CHEMBL242817-CHEMBL396981	3.0	761	38	-1	-1	-0.8960846173639474
246	CHEMBL429440-CHEMBL242817	3.0	761	38	-1	-1	-0.8895259235210315
247	CHEMBL245130-CHEMBL242820	3.0	761	38	-1	-1	-0.9193261711047411
248	CHEMBL394787-CHEMBL242820	3.0	761	38	-1	-1	-0.899883791549364
249	CHEMBL395022-CHEMBL242820	3.0	761	38	-1	-1	-0.5987389230924136
250	CHEMBL396459-CHEMBL242820	3.0	761	38	-1	-1	-0.9204419960090221
251	CHEMBL242820-CHEMBL396981	3.0	761	38	-1	-1	-0.8959728298264439
252	CHEMBL429440-CHEMBL242820	3.0	761	38	-1	-1	-0.8858711484306518
253	CHEMBL245130-CHEMBL395022	3.0	761	38	-1	-1	-0.6330947328806436
254	CHEMBL245130-CHEMBL396459	3.0	761	38	-1	-1	-0.9852964408495586
255	CHEMBL245130-CHEMBL396981	3.0	761	38	-1	-1	-0.924352953500758
256	CHEMBL429440-CHEMBL245130	3.0	761	38	-1	-1	-0.9031443089022111
257	CHEMBL394787-CHEMBL395022	3.0	761	38	-1	-1	-0.6044096222087421
258	CHEMBL394787-CHEMBL396459	3.0	761	38	-1	-1	-0.9507558229440265
259	CHEMBL394787-CHEMBL396981	3.0	761	38	-1	-1	-0.9067969805133723
260	CHEMBL396459-CHEMBL395022	3.0	761	38	-1	-1	-0.6231478351459533
261	CHEMBL395022-CHEMBL396981	3.0	761	38	-1	-1	-0.6506244610295264
262	CHEMBL429440-CHEMBL395022	3.0	761	38	-1	-1	-0.6513506982778339
263	CHEMBL396459-CHEMBL396981	3.0	761	38	-1	-1	-0.9251960880816413
264	CHEMBL429440-CHEMBL396459	3.0	761	38	-1	-1	-0.9027900109933319
265	CHEMBL429440-CHEMBL396981	3.0	761	38	-1	-1	-0.8852234385661587
266	CHEMBL3085023-CHEMBL3085018	4.0	906	38	1	1	0.3981628239240084
267	CHEMBL3085029_CHEMBL371932-CHEMBL3085018	4.0	906	38	-1	1	0.3972138354612738
268	CHEMBL3085030-CHEMBL3085018	4.0	906	38	-1	1	0.39518243433758815
269	CHEMBL3085031-CHEMBL3085018	4.0	906	38	-1	1	0.4008141662506597
270	CHEMBL3085019_CHEMBL3350391-CHEMBL3085023	4.0	906	38	-1	1	0.41183834080115633
271	CHEMBL3085019_CHEMBL3350391-CHEMBL3085028	4.0	906	38	-1	1	0.41214076027665014
272	CHEMBL3085019_CHEMBL3350391-CHEMBL3085029_CHEMBL371932	4.0	906	38	-1	1	0.40861623484377774
273	CHEMBL3085028-CHEMBL3085023	4.0	906	38	-1	1	0.40225639369008226
274	CHEMBL3085029_CHEMBL371932-CHEMBL3085023	4.0	906	38	-1	1	0.39546048921955346
275	CHEMBL3085030-CHEMBL3085023	4.0	906	38	1	1	0.39648291132323354
276	CHEMBL3085031-CHEMBL3085023	4.0	906	38	1	1	0.40443650189352376
277	CHEMBL3085028-CHEMBL3085029_CHEMBL371932	4.0	906	38	-1	1	0.39990284599749526
278	CHEMBL3085028-CHEMBL3085030	4.0	906	38	-1	1	0.39961771693116493
279	CHEMBL3085028-CHEMBL3085031	4.0	906	38	-1	1	0.40738346839293377
280	CHEMBL3085029_CHEMBL371932-CHEMBL3085030	4.0	906	38	-1	1	0.39483293012708937
281	CHEMBL3085031-CHEMBL3085029_CHEMBL371932	4.0	906	38	-1	1	0.4029295927451518
282	CHEMBL3085031-CHEMBL3085030	4.0	906	38	-1	1	0.399733804136334
283	CHEMBL257434-CHEMBL402286	5.0	920	40	1	-1	-0.8331675262900557
284	CHEMBL236046-CHEMBL237317	6.0	879	40	-1	-1	-0.9603934780566579
285	CHEMBL237512-CHEMBL236046	6.0	879	40	-1	-1	-0.8234379106700613
286	CHEMBL237514-CHEMBL236046	6.0	879	40	-1	-1	-0.8142236053215476
287	CHEMBL238182-CHEMBL236046	6.0	879	40	-1	-1	-0.9304243677102365
288	CHEMBL391074-CHEMBL236046	6.0	879	40	-1	-1	-0.6814709570245236
289	CHEMBL393009-CHEMBL236046	6.0	879	40	-1	-1	-0.8254665587235199
290	CHEMBL393036-CHEMBL236046	6.0	879	40	-1	-1	-0.8995730746826338
291	CHEMBL398981-CHEMBL236046	6.0	879	40	-1	-1	-0.9147340425401234
292	CHEMBL237512-CHEMBL237317	6.0	879	40	-1	-1	-0.8474600086328736
293	CHEMBL237514-CHEMBL237317	6.0	879	40	-1	-1	-0.8400005411047282
294	CHEMBL238182-CHEMBL237317	6.0	879	40	-1	-1	-0.9740891975659518
295	CHEMBL391074-CHEMBL237317	6.0	879	40	-1	-1	-0.7336134300391464
296	CHEMBL393009-CHEMBL237317	6.0	879	40	-1	-1	-0.851994970454687
297	CHEMBL393036-CHEMBL237317	6.0	879	40	-1	-1	-0.9342299449168606
298	CHEMBL398981-CHEMBL237317	6.0	879	40	-1	-1	-0.9508154020641127
299	CHEMBL441137-CHEMBL237317	6.0	879	40	-1	-1	-0.9615814933152516
300	CHEMBL237317-CHEMBL442080	6.0	879	40	-1	-1	-0.399862014795303
301	CHEMBL237512-CHEMBL237514	6.0	879	40	-1	-1	-0.7778675773396452
302	CHEMBL237512-CHEMBL238182	6.0	879	40	-1	-1	-0.7137925593562795
303	CHEMBL237512-CHEMBL391074	6.0	879	40	-1	-1	-0.3877146783454611
304	CHEMBL237512-CHEMBL393009	6.0	879	40	-1	-1	-0.7885685497492002
305	CHEMBL237512-CHEMBL393036	6.0	879	40	-1	-1	-0.772380016892469
306	CHEMBL237512-CHEMBL398981	6.0	879	40	-1	-1	-0.8015892870849836
307	CHEMBL238182-CHEMBL237514	6.0	879	40	-1	-1	-0.828298940586258
308	CHEMBL391074-CHEMBL237514	6.0	879	40	-1	-1	-0.6068970484285086
309	CHEMBL393036-CHEMBL237514	6.0	879	40	-1	-1	-0.7903492699841981
310	CHEMBL398981-CHEMBL237514	6.0	879	40	-1	-1	-0.8227815146673557
311	CHEMBL441137-CHEMBL237514	6.0	879	40	-1	-1	-0.8130295088829755
312	CHEMBL237514-CHEMBL442080	6.0	879	40	-1	-1	-0.44088810779493454
313	CHEMBL391074-CHEMBL238182	6.0	879	40	-1	-1	-0.6039071943306124
314	CHEMBL393009-CHEMBL238182	6.0	879	40	-1	-1	-0.835562498440052
315	CHEMBL393036-CHEMBL238182	6.0	879	40	-1	-1	-0.9110381823092164
316	CHEMBL398981-CHEMBL238182	6.0	879	40	-1	-1	-0.9356056637199144
317	CHEMBL238182-CHEMBL442080	6.0	879	40	-1	-1	-0.2708391739303716
318	CHEMBL391074-CHEMBL393009	6.0	879	40	-1	-1	-0.6311587157476118
319	CHEMBL391074-CHEMBL393036	6.0	879	40	-1	-1	-0.6465681351773783
320	CHEMBL391074-CHEMBL398981	6.0	879	40	-1	-1	-0.7194689758141138
321	CHEMBL393036-CHEMBL393009	6.0	879	40	-1	-1	-0.8041586738330779
322	CHEMBL398981-CHEMBL393009	6.0	879	40	-1	-1	-0.8101873946953582
323	CHEMBL393036-CHEMBL398981	6.0	879	40	-1	-1	-0.8828548923393907
324	CHEMBL393036-CHEMBL441137	6.0	879	40	1	-1	-0.8953880713350251
325	CHEMBL398981-CHEMBL442080	6.0	879	40	-1	-1	-0.4564595710477243
326	CHEMBL441137-CHEMBL442080	6.0	879	40	-1	-1	-0.3842597040193138
327	CHEMBL208069-CHEMBL207023	7.0	812	40	-1	-1	-0.8911941793022842
328	CHEMBL208121-CHEMBL207023	7.0	812	40	-1	-1	-0.9133774125014739
329	CHEMBL207023-CHEMBL208178	7.0	812	40	-1	-1	-0.9101177478576596
330	CHEMBL208191-CHEMBL207023	7.0	812	40	-1	-1	-0.8421333223773392
331	CHEMBL208420-CHEMBL207023	7.0	812	40	-1	-1	-0.8924065353640454
332	CHEMBL377057-CHEMBL207023	7.0	812	40	-1	-1	-0.8457051459370357
333	CHEMBL377678-CHEMBL207023	7.0	812	40	-1	-1	-0.8856043632973306
334	CHEMBL377882-CHEMBL207023	7.0	812	40	-1	-1	-0.9154226843214813
335	CHEMBL378498-CHEMBL207023	7.0	812	40	-1	-1	-0.8680342091406292
336	CHEMBL380890-CHEMBL207023	7.0	812	40	-1	-1	-0.9118563083319217
337	CHEMBL207023-CHEMBL382248	7.0	812	40	-1	-1	-0.9162678396970884
338	CHEMBL382554-CHEMBL207023	7.0	812	40	-1	-1	-0.8842802552010544
339	CHEMBL207023-CHEMBL383611	7.0	812	40	-1	-1	-0.9076814685250177
340	CHEMBL383734-CHEMBL207023	7.0	812	40	-1	-1	-0.8230854654066624
341	CHEMBL208121-CHEMBL207894	7.0	812	40	-1	-1	-0.8695931572262638
342	CHEMBL208178-CHEMBL207894	7.0	812	40	-1	-1	-0.8749809004837108
343	CHEMBL208191-CHEMBL207894	7.0	812	40	-1	-1	-0.8111071218569628
344	CHEMBL208420-CHEMBL207894	7.0	812	40	-1	-1	-0.8502290091696076
345	CHEMBL377057-CHEMBL207894	7.0	812	40	-1	-1	-0.805445496164003
346	CHEMBL377678-CHEMBL207894	7.0	812	40	-1	-1	-0.8490517033910603
347	CHEMBL378498-CHEMBL207894	7.0	812	40	-1	-1	-0.8422883031562672
348	CHEMBL382554-CHEMBL207894	7.0	812	40	-1	-1	-0.8468374955868327
349	CHEMBL383611-CHEMBL207894	7.0	812	40	1	-1	-0.882260694889376
350	CHEMBL383734-CHEMBL207894	7.0	812	40	-1	-1	-0.8028883042510075
351	CHEMBL208069-CHEMBL208121	7.0	812	40	-1	-1	-0.8758723688882868
352	CHEMBL208069-CHEMBL208178	7.0	812	40	-1	-1	-0.9038756663005899
353	CHEMBL208191-CHEMBL208069	7.0	812	40	-1	-1	-0.8037955926220957
354	CHEMBL208069-CHEMBL208420	7.0	812	40	-1	-1	-0.8519099238645551
355	CHEMBL377057-CHEMBL208069	7.0	812	40	-1	-1	-0.8096662996682595
356	CHEMBL208069-CHEMBL377678	7.0	812	40	-1	-1	-0.8563599132952848
357	CHEMBL208069-CHEMBL377882	7.0	812	40	-1	-1	-0.8891121175891239
358	CHEMBL208069-CHEMBL378498	7.0	812	40	-1	-1	-0.8263788504959168
359	CHEMBL208069-CHEMBL380890	7.0	812	40	-1	-1	-0.8777422298655356
360	CHEMBL208069-CHEMBL382554	7.0	812	40	-1	-1	-0.841168943537446
361	CHEMBL383734-CHEMBL208069	7.0	812	40	-1	-1	-0.7754944318923896
362	CHEMBL208191-CHEMBL208121	7.0	812	40	-1	-1	-0.8279182245496606
363	CHEMBL208420-CHEMBL208121	7.0	812	40	-1	-1	-0.8813731353334185
364	CHEMBL377057-CHEMBL208121	7.0	812	40	-1	-1	-0.8307464338925861
365	CHEMBL208121-CHEMBL377678	7.0	812	40	-1	-1	-0.8724245979449197
366	CHEMBL377882-CHEMBL208121	7.0	812	40	-1	-1	-0.9111261410625404
367	CHEMBL378498-CHEMBL208121	7.0	812	40	-1	-1	-0.8543488741555453
368	CHEMBL380890-CHEMBL208121	7.0	812	40	-1	-1	-0.9063028250116626
369	CHEMBL208121-CHEMBL382248	7.0	812	40	-1	-1	-0.9046254481059188
370	CHEMBL382554-CHEMBL208121	7.0	812	40	-1	-1	-0.8716057179269022
371	CHEMBL208121-CHEMBL383611	7.0	812	40	-1	-1	-0.9189745635150646
372	CHEMBL383734-CHEMBL208121	7.0	812	40	-1	-1	-0.804159287009969
373	CHEMBL208191-CHEMBL208178	7.0	812	40	-1	-1	-0.846902874354631
374	CHEMBL208420-CHEMBL208178	7.0	812	40	-1	-1	-0.8943247793071302
375	CHEMBL377057-CHEMBL208178	7.0	812	40	-1	-1	-0.8493658841599481
376	CHEMBL377678-CHEMBL208178	7.0	812	40	-1	-1	-0.8888803796147993
377	CHEMBL377882-CHEMBL208178	7.0	812	40	-1	-1	-0.9145324175319345
378	CHEMBL378498-CHEMBL208178	7.0	812	40	-1	-1	-0.8817933435172196
379	CHEMBL380890-CHEMBL208178	7.0	812	40	-1	-1	-0.912662164935124
380	CHEMBL208178-CHEMBL382248	7.0	812	40	-1	-1	-0.871593511531384
381	CHEMBL382554-CHEMBL208178	7.0	812	40	-1	-1	-0.8869691938591003
382	CHEMBL383611-CHEMBL208178	7.0	812	40	-1	-1	-0.9115372483873546
383	CHEMBL383734-CHEMBL208178	7.0	812	40	-1	-1	-0.8412458131051007
384	CHEMBL208191-CHEMBL208420	7.0	812	40	-1	-1	-0.8025293680972649
385	CHEMBL377057-CHEMBL208191	7.0	812	40	-1	-1	-0.8027551969922941
386	CHEMBL208191-CHEMBL377678	7.0	812	40	-1	-1	-0.8103972424775027
387	CHEMBL208191-CHEMBL377882	7.0	812	40	-1	-1	-0.8127973004664557
388	CHEMBL208191-CHEMBL378498	7.0	812	40	-1	-1	-0.7993178724822076
389	CHEMBL208191-CHEMBL380890	7.0	812	40	-1	-1	-0.8187519148830505
390	CHEMBL208191-CHEMBL382248	7.0	812	40	-1	-1	-0.8312508524111258
391	CHEMBL208191-CHEMBL382554	7.0	812	40	-1	-1	-0.7951482915458477
392	CHEMBL208191-CHEMBL383611	7.0	812	40	-1	-1	-0.8442389062305741
393	CHEMBL383734-CHEMBL208191	7.0	812	40	-1	-1	-0.7971770043016417
394	CHEMBL377057-CHEMBL208420	7.0	812	40	-1	-1	-0.7952999068613659
395	CHEMBL208420-CHEMBL377678	7.0	812	40	-1	-1	-0.8545102050711467
396	CHEMBL208420-CHEMBL377882	7.0	812	40	-1	-1	-0.8823368906504038
397	CHEMBL208420-CHEMBL378498	7.0	812	40	-1	-1	-0.8374178850876823
398	CHEMBL208420-CHEMBL380890	7.0	812	40	-1	-1	-0.8669735835102645
399	CHEMBL208420-CHEMBL382248	7.0	812	40	-1	-1	-0.8782065708219733
400	CHEMBL208420-CHEMBL382554	7.0	812	40	-1	-1	-0.8210948477706067
401	CHEMBL208420-CHEMBL383611	7.0	812	40	-1	-1	-0.8920189099866526
402	CHEMBL383734-CHEMBL208420	7.0	812	40	-1	-1	-0.7915735018853118
403	CHEMBL377057-CHEMBL377678	7.0	812	40	-1	-1	-0.8044035277446514
404	CHEMBL377057-CHEMBL377882	7.0	812	40	-1	-1	-0.8333168743062925
405	CHEMBL377057-CHEMBL378498	7.0	812	40	-1	-1	-0.7935073656458496
406	CHEMBL377057-CHEMBL380890	7.0	812	40	-1	-1	-0.8018503560531758
407	CHEMBL377057-CHEMBL382248	7.0	812	40	-1	-1	-0.8302124055984855
408	CHEMBL377057-CHEMBL382554	7.0	812	40	-1	-1	-0.7856220830058593
409	CHEMBL377057-CHEMBL383611	7.0	812	40	-1	-1	-0.8460607109600086
410	CHEMBL377057-CHEMBL383734	7.0	812	40	-1	-1	-0.7837663887380171
411	CHEMBL377882-CHEMBL377678	7.0	812	40	-1	-1	-0.8793880195721719
412	CHEMBL378498-CHEMBL377678	7.0	812	40	-1	-1	-0.8432356111339969
413	CHEMBL380890-CHEMBL377678	7.0	812	40	-1	-1	-0.8699506829150347
414	CHEMBL377678-CHEMBL382248	7.0	812	40	-1	-1	-0.8717172803742134
415	CHEMBL382554-CHEMBL377678	7.0	812	40	-1	-1	-0.8556240560158551
416	CHEMBL377678-CHEMBL383611	7.0	812	40	-1	-1	-0.8863444792165085
417	CHEMBL383734-CHEMBL377678	7.0	812	40	-1	-1	-0.8012748685809836
418	CHEMBL378498-CHEMBL377882	7.0	812	40	-1	-1	-0.8667396169660591
419	CHEMBL380890-CHEMBL377882	7.0	812	40	-1	-1	-0.9085702453319404
420	CHEMBL377882-CHEMBL382248	7.0	812	40	-1	-1	-0.9026799716127358
421	CHEMBL382554-CHEMBL377882	7.0	812	40	-1	-1	-0.8725645095638283
422	CHEMBL377882-CHEMBL383611	7.0	812	40	-1	-1	-0.9121055830617047
423	CHEMBL383734-CHEMBL377882	7.0	812	40	-1	-1	-0.8224185244621605
424	CHEMBL380890-CHEMBL378498	7.0	812	40	-1	-1	-0.839248891364683
425	CHEMBL378498-CHEMBL382248	7.0	812	40	-1	-1	-0.86674005336843
426	CHEMBL378498-CHEMBL382554	7.0	812	40	-1	-1	-0.8295892900043854
427	CHEMBL383734-CHEMBL378498	7.0	812	40	-1	-1	-0.7770388039922094
428	CHEMBL380890-CHEMBL382248	7.0	812	40	-1	-1	-0.8987448800081985
429	CHEMBL380890-CHEMBL382554	7.0	812	40	-1	-1	-0.857393263088584
430	CHEMBL380890-CHEMBL383611	7.0	812	40	-1	-1	-0.9108182958029215
431	CHEMBL383734-CHEMBL380890	7.0	812	40	-1	-1	-0.8084879163678252
432	CHEMBL382554-CHEMBL382248	7.0	812	40	-1	-1	-0.869943388771246
433	CHEMBL383611-CHEMBL382248	7.0	812	40	-1	-1	-0.9143732871621542
434	CHEMBL383734-CHEMBL382248	7.0	812	40	-1	-1	-0.8238096811440081
435	CHEMBL382554-CHEMBL383611	7.0	812	40	-1	-1	-0.8843754451760831
436	CHEMBL383734-CHEMBL382554	7.0	812	40	-1	-1	-0.7838579147152666
437	CHEMBL236047-CHEMBL235814	8.0	915	40	-1	-1	-1.0026272216811798
438	CHEMBL237319-CHEMBL235814	8.0	915	40	-1	-1	-1.003481805081809
439	CHEMBL237747-CHEMBL235814	8.0	915	40	1	-1	-0.956001738494815
440	CHEMBL236047-CHEMBL237319	8.0	915	40	-1	-1	-0.9439604008862488
441	CHEMBL237513-CHEMBL236047	8.0	915	40	-1	-1	-1.0039014855631403
442	CHEMBL237513-CHEMBL237319	8.0	915	40	-1	-1	-1.0046668102865983
443	CHEMBL237747-CHEMBL237319	8.0	915	40	-1	-1	-0.9488045886916825
444	CHEMBL237513-CHEMBL237747	8.0	915	40	-1	-1	-0.9576956033258902
445	CHEMBL233053-CHEMBL246955_CHEMBL257917	9.0	898	41	-1	-1	-0.9800489139398674
446	CHEMBL385173-CHEMBL216736	10.0	922	41	-1	-1	-0.7896389134170694
447	CHEMBL218174-CHEMBL220819	11.0	914	41	-1	-1	-0.6498468720470567
448	CHEMBL218174-CHEMBL221067	11.0	914	41	-1	-1	-0.6363540580131578
449	CHEMBL218174-CHEMBL221903	11.0	914	41	-1	-1	-0.6557170432020016
450	CHEMBL220819-CHEMBL220801	11.0	914	41	-1	-1	-0.5842261384069259
451	CHEMBL221067-CHEMBL220801	11.0	914	41	-1	-1	-0.7586123752536624
452	CHEMBL221903-CHEMBL220801	11.0	914	41	-1	-1	-0.6761390468705594
453	CHEMBL220819-CHEMBL221067	11.0	914	41	-1	-1	-0.7781747051400296
454	CHEMBL220819-CHEMBL221903	11.0	914	41	-1	-1	-0.8116465468661841
455	CHEMBL221903-CHEMBL221067	11.0	914	41	-1	-1	-0.8951459392607569
456	CHEMBL490632-CHEMBL516088	12.0	922	41	-1	-1	-0.950020065827205
457	CHEMBL232620-CHEMBL232660	13.0	620	38	-1	-1	-0.8286667816799274
458	CHEMBL232661-CHEMBL232620	13.0	620	38	-1	-1	-0.8691466448640435
459	CHEMBL232620-CHEMBL233053	13.0	620	38	-1	-1	-0.9085737342294683
460	CHEMBL233470-CHEMBL232620	13.0	620	38	-1	-1	-0.8607232279820658
461	CHEMBL233681-CHEMBL232620	13.0	620	38	-1	-1	-0.8743241766822613
462	CHEMBL232620-CHEMBL234525	13.0	620	38	-1	-1	-0.8516089185119149
463	CHEMBL234526-CHEMBL232620	13.0	620	38	-1	-1	-0.8627667428788001
464	CHEMBL234732-CHEMBL232620	13.0	620	38	-1	-1	-0.853660935809923
465	CHEMBL232620-CHEMBL247161_CHEMBL395609	13.0	620	38	-1	-1	-0.8732038232098944
466	CHEMBL394801-CHEMBL232620	13.0	620	38	-1	-1	-0.8610676359322973
467	CHEMBL395096-CHEMBL232620	13.0	620	38	-1	-1	-0.8516089185119149
468	CHEMBL232621-CHEMBL232660	13.0	620	38	-1	-1	-0.8428572129883676
469	CHEMBL232661-CHEMBL232621	13.0	620	38	-1	-1	-0.8792961258818525
470	CHEMBL232621-CHEMBL233053	13.0	620	38	-1	-1	-0.9137474865313472
471	CHEMBL233054_CHEMBL235824-CHEMBL232621	13.0	620	38	-1	-1	-0.866829592332867
472	CHEMBL233470-CHEMBL232621	13.0	620	38	-1	-1	-0.8681421049145605
473	CHEMBL233471-CHEMBL232621	13.0	620	38	-1	-1	-0.8766705356624087
474	CHEMBL233681-CHEMBL232621	13.0	620	38	-1	-1	-0.8821079787506568
475	CHEMBL232621-CHEMBL234525	13.0	620	38	-1	-1	-0.8610098704833361
476	CHEMBL234526-CHEMBL232621	13.0	620	38	-1	-1	-0.8724552028583015
477	CHEMBL234732-CHEMBL232621	13.0	620	38	-1	-1	-0.8627475260513128
478	CHEMBL232621-CHEMBL247161_CHEMBL395609	13.0	620	38	-1	-1	-0.8807971322565498
479	CHEMBL394800-CHEMBL232621	13.0	620	38	-1	-1	-0.8728603500132408
480	CHEMBL394801-CHEMBL232621	13.0	620	38	-1	-1	-0.8695665584098411
481	CHEMBL394861-CHEMBL232621	13.0	620	38	-1	-1	-0.8579353820648281
482	CHEMBL395096-CHEMBL232621	13.0	620	38	-1	-1	-0.8610098704833361
483	CHEMBL396703-CHEMBL232621	13.0	620	38	-1	-1	-0.8595242580901233
484	CHEMBL232621-CHEMBL396945	13.0	620	38	-1	-1	-0.8639566122787853
485	CHEMBL427845-CHEMBL232621	13.0	620	38	-1	-1	-0.8943389153576992
486	CHEMBL233053-CHEMBL232660	13.0	620	38	-1	-1	-0.8966962360462399
487	CHEMBL233054_CHEMBL235824-CHEMBL232660	13.0	620	38	-1	-1	-0.7245853362455001
488	CHEMBL233470-CHEMBL232660	13.0	620	38	-1	-1	-0.8519366680010053
489	CHEMBL233471-CHEMBL232660	13.0	620	38	-1	-1	-0.808912442417385
490	CHEMBL233681-CHEMBL232660	13.0	620	38	-1	-1	-0.8155654066696388
491	CHEMBL234525-CHEMBL232660	13.0	620	38	-1	-1	-0.8410105436737696
492	CHEMBL234526-CHEMBL232660	13.0	620	38	-1	-1	-0.8530591033198364
493	CHEMBL234732-CHEMBL232660	13.0	620	38	-1	-1	-0.8404667586233298
494	CHEMBL245130-CHEMBL232660	13.0	620	38	-1	-1	-0.8472432599818832
495	CHEMBL247161_CHEMBL395609-CHEMBL232660	13.0	620	38	-1	-1	-0.8660219052672303
496	CHEMBL394800-CHEMBL232660	13.0	620	38	-1	-1	-0.7975761443902443
497	CHEMBL394801-CHEMBL232660	13.0	620	38	-1	-1	-0.8012211761200392
498	CHEMBL394861-CHEMBL232660	13.0	620	38	-1	-1	-0.8571684537901744
499	CHEMBL395096-CHEMBL232660	13.0	620	38	-1	-1	-0.8410105436737696
500	CHEMBL396459-CHEMBL232660	13.0	620	38	-1	-1	-0.8567693729799385
501	CHEMBL396703-CHEMBL232660	13.0	620	38	-1	-1	-0.8367505070156296
502	CHEMBL396981-CHEMBL232660	13.0	620	38	-1	-1	-0.8526957939311752
503	CHEMBL427845-CHEMBL232660	13.0	620	38	-1	-1	-0.8762887644921286
504	CHEMBL232661-CHEMBL233053	13.0	620	38	-1	-1	-0.9393028120083174
505	CHEMBL232661-CHEMBL233054_CHEMBL235824	13.0	620	38	-1	-1	-0.8390116892296398
506	CHEMBL232661-CHEMBL233470	13.0	620	38	-1	-1	-0.8878441557315202
507	CHEMBL232661-CHEMBL233471	13.0	620	38	-1	-1	-0.8676364429330735
508	CHEMBL232661-CHEMBL233681	13.0	620	38	-1	-1	-0.8742894071853273
509	CHEMBL232661-CHEMBL234525	13.0	620	38	-1	-1	-0.8869032612771648
510	CHEMBL232661-CHEMBL234526	13.0	620	38	-1	-1	-0.9085821013276623
511	CHEMBL232661-CHEMBL234732	13.0	620	38	-1	-1	-0.8795290769461286
512	CHEMBL232661-CHEMBL245130	13.0	620	38	-1	-1	-0.8916096222117454
513	CHEMBL232661-CHEMBL247161_CHEMBL395609	13.0	620	38	-1	-1	-0.8984903575270635
514	CHEMBL232661-CHEMBL394787	13.0	620	38	-1	-1	-0.8820461364562744
515	CHEMBL232661-CHEMBL394800	13.0	620	38	-1	-1	-0.8635724064255278
516	CHEMBL232661-CHEMBL394801	13.0	620	38	-1	-1	-0.8599451766357277
517	CHEMBL232661-CHEMBL394861	13.0	620	38	-1	-1	-0.9084640238609049
518	CHEMBL232661-CHEMBL395096	13.0	620	38	-1	-1	-0.8869032612771648
519	CHEMBL232661-CHEMBL396459	13.0	620	38	-1	-1	-0.8993252678539754
520	CHEMBL232661-CHEMBL396703	13.0	620	38	-1	-1	-0.8797428705503915
521	CHEMBL232661-CHEMBL396945	13.0	620	38	-1	-1	-0.8871016406944049
522	CHEMBL232661-CHEMBL396981	13.0	620	38	-1	-1	-0.8850414237716965
523	CHEMBL232661-CHEMBL427845	13.0	620	38	-1	-1	-0.9040153560349116
524	CHEMBL233054_CHEMBL235824-CHEMBL233053	13.0	620	38	-1	-1	-0.9489039661156956
525	CHEMBL233470-CHEMBL233053	13.0	620	38	-1	-1	-0.9307416684896259
526	CHEMBL233471-CHEMBL233053	13.0	620	38	-1	-1	-0.9473397229379175
527	CHEMBL233681-CHEMBL233053	13.0	620	38	-1	-1	-0.9538166867804669
528	CHEMBL233053-CHEMBL234525	13.0	620	38	-1	-1	-0.9350300845615467
529	CHEMBL234526-CHEMBL233053	13.0	620	38	-1	-1	-0.9776988627696455
530	CHEMBL234732-CHEMBL233053	13.0	620	38	-1	-1	-0.922478185201981
531	CHEMBL245130-CHEMBL233053	13.0	620	38	-1	-1	-0.9697579818189941
532	CHEMBL233053-CHEMBL247161_CHEMBL395609	13.0	620	38	-1	-1	-0.8839607398057866
533	CHEMBL394787-CHEMBL233053	13.0	620	38	-1	-1	-0.9006000340828686
534	CHEMBL394800-CHEMBL233053	13.0	620	38	-1	-1	-0.9505178722532678
535	CHEMBL394801-CHEMBL233053	13.0	620	38	-1	-1	-0.9389779048657887
536	CHEMBL394861-CHEMBL233053	13.0	620	38	-1	-1	-0.9765576192049797
537	CHEMBL395096-CHEMBL233053	13.0	620	38	-1	-1	-0.9350300845615467
538	CHEMBL396459-CHEMBL233053	13.0	620	38	-1	-1	-0.9422005937282831
539	CHEMBL396703-CHEMBL233053	13.0	620	38	-1	-1	-0.9237390823171058
540	CHEMBL233053-CHEMBL396945	13.0	620	38	-1	-1	-0.9262008978400452
541	CHEMBL396981-CHEMBL233053	13.0	620	38	-1	-1	-0.9167473951375108
542	CHEMBL427845-CHEMBL233053	13.0	620	38	-1	-1	-0.9659057258230731
543	CHEMBL233054_CHEMBL235824-CHEMBL233470	13.0	620	38	-1	-1	-0.8802864635584452
544	CHEMBL233471-CHEMBL233054_CHEMBL235824	13.0	620	38	-1	-1	-0.8623917887857733
545	CHEMBL233681-CHEMBL233054_CHEMBL235824	13.0	620	38	-1	-1	-0.8696515251782444
546	CHEMBL233054_CHEMBL235824-CHEMBL234525	13.0	620	38	-1	-1	-0.8778158015358559
547	CHEMBL233054_CHEMBL235824-CHEMBL234526	13.0	620	38	-1	-1	-0.9022216280765921
548	CHEMBL234732-CHEMBL233054_CHEMBL235824	13.0	620	38	-1	-1	-0.871113942906925
549	CHEMBL233054_CHEMBL235824-CHEMBL245130	13.0	620	38	-1	-1	-0.8817590516751669
550	CHEMBL233054_CHEMBL235824-CHEMBL247161_CHEMBL395609	13.0	620	38	-1	-1	-0.8875702835557756
551	CHEMBL233054_CHEMBL235824-CHEMBL394787	13.0	620	38	-1	-1	-0.8516831718761946
552	CHEMBL233054_CHEMBL235824-CHEMBL394800	13.0	620	38	-1	-1	-0.8579211255670706
553	CHEMBL394801-CHEMBL233054_CHEMBL235824	13.0	620	38	-1	-1	-0.8542809456900392
554	CHEMBL233054_CHEMBL235824-CHEMBL394861	13.0	620	38	-1	-1	-0.8951293734888764
555	CHEMBL395096-CHEMBL233054_CHEMBL235824	13.0	620	38	-1	-1	-0.8778158015358559
556	CHEMBL233054_CHEMBL235824-CHEMBL396459	13.0	620	38	-1	-1	-0.8874750075607756
557	CHEMBL396703-CHEMBL233054_CHEMBL235824	13.0	620	38	-1	-1	-0.8631961475166636
558	CHEMBL233054_CHEMBL235824-CHEMBL396945	13.0	620	38	-1	-1	-0.8491473179018377
559	CHEMBL233054_CHEMBL235824-CHEMBL396981	13.0	620	38	-1	-1	-0.8755207877725362
560	CHEMBL427845-CHEMBL233054_CHEMBL235824	13.0	620	38	-1	-1	-0.893748550793136
561	CHEMBL233471-CHEMBL233470	13.0	620	38	-1	-1	-0.8910841814797366
562	CHEMBL233681-CHEMBL233470	13.0	620	38	-1	-1	-0.8961914387995111
563	CHEMBL233470-CHEMBL234525	13.0	620	38	-1	-1	-0.8774508718786085
564	CHEMBL234526-CHEMBL233470	13.0	620	38	-1	-1	-0.8856059526999216
565	CHEMBL234732-CHEMBL233470	13.0	620	38	-1	-1	-0.8763515062808034
566	CHEMBL233470-CHEMBL245130	13.0	620	38	-1	-1	-0.9103380570252786
567	CHEMBL233470-CHEMBL247161_CHEMBL395609	13.0	620	38	-1	-1	-0.889853915233611
568	CHEMBL233470-CHEMBL394787	13.0	620	38	-1	-1	-0.8507261903648602
569	CHEMBL394800-CHEMBL233470	13.0	620	38	-1	-1	-0.8884503806369195
570	CHEMBL394801-CHEMBL233470	13.0	620	38	-1	-1	-0.8838540281011351
571	CHEMBL233470-CHEMBL394861	13.0	620	38	-1	-1	-0.874837602565732
572	CHEMBL395096-CHEMBL233470	13.0	620	38	-1	-1	-0.8797908986434051
573	CHEMBL233470-CHEMBL396459	13.0	620	38	-1	-1	-0.8857060862045999
574	CHEMBL396703-CHEMBL233470	13.0	620	38	-1	-1	-0.871891500148637
575	CHEMBL233470-CHEMBL396945	13.0	620	38	-1	-1	-0.8738146040261833
576	CHEMBL233470-CHEMBL396981	13.0	620	38	-1	-1	-0.8767735122210762
577	CHEMBL427845-CHEMBL233470	13.0	620	38	-1	-1	-0.9047121169849708
578	CHEMBL233681-CHEMBL233471	13.0	620	38	-1	-1	-0.8825716230110175
579	CHEMBL233471-CHEMBL234525	13.0	620	38	-1	-1	-0.8874042375007448
580	CHEMBL233471-CHEMBL234526	13.0	620	38	-1	-1	-0.9075504861228377
581	CHEMBL234732-CHEMBL233471	13.0	620	38	-1	-1	-0.8841608495359307
582	CHEMBL233471-CHEMBL245130	13.0	620	38	-1	-1	-0.8923199936877733
583	CHEMBL233471-CHEMBL247161_CHEMBL395609	13.0	620	38	-1	-1	-0.9003326221223023
584	CHEMBL233471-CHEMBL394787	13.0	620	38	-1	-1	-0.8640495295031054
585	CHEMBL233471-CHEMBL394800	13.0	620	38	-1	-1	-0.8723131460376357
586	CHEMBL394801-CHEMBL233471	13.0	620	38	-1	-1	-0.868243234498601
587	CHEMBL233471-CHEMBL394861	13.0	620	38	-1	-1	-0.8987816373395328
588	CHEMBL395096-CHEMBL233471	13.0	620	38	-1	-1	-0.8874042375007448
589	CHEMBL233471-CHEMBL396459	13.0	620	38	-1	-1	-0.8964820398627222
590	CHEMBL396703-CHEMBL233471	13.0	620	38	-1	-1	-0.8815784591057505
591	CHEMBL233471-CHEMBL396945	13.0	620	38	-1	-1	-0.8828855465487044
592	CHEMBL233471-CHEMBL396981	13.0	620	38	-1	-1	-0.8845866164641667
593	CHEMBL427845-CHEMBL233471	13.0	620	38	-1	-1	-0.9165811381377738
594	CHEMBL233681-CHEMBL234525	13.0	620	38	-1	-1	-0.8937390168514191
595	CHEMBL233681-CHEMBL234526	13.0	620	38	-1	-1	-0.9151002878067764
596	CHEMBL234732-CHEMBL233681	13.0	620	38	-1	-1	-0.8897566207957494
597	CHEMBL233681-CHEMBL245130	13.0	620	38	-1	-1	-0.8986555357557038
598	CHEMBL233681-CHEMBL247161_CHEMBL395609	13.0	620	38	-1	-1	-0.9052655327262924
599	CHEMBL233681-CHEMBL394787	13.0	620	38	-1	-1	-0.8687622404708648
600	CHEMBL233681-CHEMBL394800	13.0	620	38	-1	-1	-0.8795728824301069
601	CHEMBL394801-CHEMBL233681	13.0	620	38	-1	-1	-0.8750273944169744
602	CHEMBL233681-CHEMBL394861	13.0	620	38	-1	-1	-0.9053174610067819
603	CHEMBL395096-CHEMBL233681	13.0	620	38	-1	-1	-0.8937390168514191
604	CHEMBL233681-CHEMBL396459	13.0	620	38	-1	-1	-0.9023369442103004
605	CHEMBL396703-CHEMBL233681	13.0	620	38	-1	-1	-0.8879516239692337
606	CHEMBL233681-CHEMBL396945	13.0	620	38	-1	-1	-0.8894631463617324
607	CHEMBL233681-CHEMBL396981	13.0	620	38	-1	-1	-0.8892670639391511
608	CHEMBL427845-CHEMBL233681	13.0	620	38	-1	-1	-0.9227554144734768
609	CHEMBL234526-CHEMBL234525	13.0	620	38	-1	-1	-0.8889472106563261
610	CHEMBL234732-CHEMBL234525	13.0	620	38	-1	-1	-0.8703270242176439
611	CHEMBL245130-CHEMBL234525	13.0	620	38	-1	-1	-0.9093210864083411
612	CHEMBL247161_CHEMBL395609-CHEMBL234525	13.0	620	38	-1	-1	-0.8887850743848796
613	CHEMBL394787-CHEMBL234525	13.0	620	38	-1	-1	-0.8386791224298842
614	CHEMBL394800-CHEMBL234525	13.0	620	38	-1	-1	-0.8844016115188534
615	CHEMBL394801-CHEMBL234525	13.0	620	38	-1	-1	-0.8793913140517369
616	CHEMBL394861-CHEMBL234525	13.0	620	38	-1	-1	-0.8788459356343564
617	CHEMBL395096-CHEMBL234525	13.0	620	38	-1	-1	-0.8714790941098394
618	CHEMBL396459-CHEMBL234525	13.0	620	38	-1	-1	-0.8807902311190592
619	CHEMBL396703-CHEMBL234525	13.0	620	38	-1	-1	-0.8670841151441046
620	CHEMBL234525-CHEMBL396945	13.0	620	38	-1	-1	-0.8701040306539629
621	CHEMBL396981-CHEMBL234525	13.0	620	38	-1	-1	-0.8717410170749262
622	CHEMBL427845-CHEMBL234525	13.0	620	38	-1	-1	-0.9068801783717095
623	CHEMBL234732-CHEMBL234526	13.0	620	38	-1	-1	-0.8861474326128221
624	CHEMBL234526-CHEMBL245130	13.0	620	38	-1	-1	-0.9357731719357987
625	CHEMBL234526-CHEMBL247161_CHEMBL395609	13.0	620	38	-1	-1	-0.9076929423808558
626	CHEMBL234526-CHEMBL394787	13.0	620	38	-1	-1	-0.8302476290482037
627	CHEMBL394800-CHEMBL234526	13.0	620	38	-1	-1	-0.9056976442368234
628	CHEMBL394801-CHEMBL234526	13.0	620	38	-1	-1	-0.8985318704596873
629	CHEMBL234526-CHEMBL394861	13.0	620	38	-1	-1	-0.8921832900563638
630	CHEMBL395096-CHEMBL234526	13.0	620	38	-1	-1	-0.8889472106563261
631	CHEMBL234526-CHEMBL396459	13.0	620	38	-1	-1	-0.8981712443927357
632	CHEMBL396703-CHEMBL234526	13.0	620	38	-1	-1	-0.8841030551256683
633	CHEMBL234526-CHEMBL396945	13.0	620	38	-1	-1	-0.8897593172607422
634	CHEMBL234526-CHEMBL396981	13.0	620	38	-1	-1	-0.8846336896054475
635	CHEMBL427845-CHEMBL234526	13.0	620	38	-1	-1	-0.9389910632714945
636	CHEMBL234732-CHEMBL245130	13.0	620	38	-1	-1	-0.9040773917754102
637	CHEMBL234732-CHEMBL247161_CHEMBL395609	13.0	620	38	-1	-1	-0.8828044944297537
638	CHEMBL234732-CHEMBL394787	13.0	620	38	-1	-1	-0.8517087011848423
639	CHEMBL234732-CHEMBL394800	13.0	620	38	-1	-1	-0.8810769741700442
640	CHEMBL234732-CHEMBL394801	13.0	620	38	-1	-1	-0.876694378497579
641	CHEMBL234732-CHEMBL394861	13.0	620	38	-1	-1	-0.880262672614519
642	CHEMBL234732-CHEMBL395096	13.0	620	38	-1	-1	-0.8736567208061621
643	CHEMBL234732-CHEMBL396459	13.0	620	38	-1	-1	-0.8799509908864538
644	CHEMBL396703-CHEMBL234732	13.0	620	38	-1	-1	-0.8634900677422904
645	CHEMBL234732-CHEMBL396945	13.0	620	38	-1	-1	-0.8645876125499963
646	CHEMBL234732-CHEMBL396981	13.0	620	38	-1	-1	-0.8714940095356907
647	CHEMBL427845-CHEMBL234732	13.0	620	38	-1	-1	-0.8955300621385087
648	CHEMBL245130-CHEMBL247161_CHEMBL395609	13.0	620	38	-1	-1	-0.9184258118615735
649	CHEMBL394800-CHEMBL245130	13.0	620	38	-1	-1	-0.8903292722062122
650	CHEMBL394801-CHEMBL245130	13.0	620	38	-1	-1	-0.8847629048477577
651	CHEMBL394861-CHEMBL245130	13.0	620	38	-1	-1	-0.9231715261171672
652	CHEMBL395096-CHEMBL245130	13.0	620	38	-1	-1	-0.9093210864083411
653	CHEMBL396703-CHEMBL245130	13.0	620	38	-1	-1	-0.9042213744643093
654	CHEMBL245130-CHEMBL396945	13.0	620	38	-1	-1	-0.9091432283758668
655	CHEMBL427845-CHEMBL245130	13.0	620	38	-1	-1	-0.9399057779426091
656	CHEMBL394787-CHEMBL247161_CHEMBL395609	13.0	620	38	-1	-1	-0.8784890314635899
657	CHEMBL394800-CHEMBL247161_CHEMBL395609	13.0	620	38	-1	-1	-0.8985217552524111
658	CHEMBL394801-CHEMBL247161_CHEMBL395609	13.0	620	38	-1	-1	-0.8932672749658193
659	CHEMBL394861-CHEMBL247161_CHEMBL395609	13.0	620	38	-1	-1	-0.9059803459590594
660	CHEMBL395096-CHEMBL247161_CHEMBL395609	13.0	620	38	-1	-1	-0.8887850743848796
661	CHEMBL396459-CHEMBL247161_CHEMBL395609	13.0	620	38	-1	-1	-0.8978966496308424
662	CHEMBL396703-CHEMBL247161_CHEMBL395609	13.0	620	38	-1	-1	-0.8809654713680567
663	CHEMBL247161_CHEMBL395609-CHEMBL396945	13.0	620	38	-1	-1	-0.8864749664353142
664	CHEMBL396981-CHEMBL247161_CHEMBL395609	13.0	620	38	-1	-1	-0.8862761671532247
665	CHEMBL427845-CHEMBL247161_CHEMBL395609	13.0	620	38	-1	-1	-0.9130570248377171
666	CHEMBL394800-CHEMBL394787	13.0	620	38	-1	-1	-0.8547487970968204
667	CHEMBL394801-CHEMBL394787	13.0	620	38	-1	-1	-0.8548231469960259
668	CHEMBL394861-CHEMBL394787	13.0	620	38	-1	-1	-0.7703955698502398
669	CHEMBL395096-CHEMBL394787	13.0	620	38	-1	-1	-0.8386791224298842
670	CHEMBL396703-CHEMBL394787	13.0	620	38	-1	-1	-0.8486005655910422
671	CHEMBL394787-CHEMBL396945	13.0	620	38	-1	-1	-0.862895133392096
672	CHEMBL427845-CHEMBL394787	13.0	620	38	-1	-1	-0.8975882826921235
673	CHEMBL394801-CHEMBL394800	13.0	620	38	-1	-1	-0.8642023029419016
674	CHEMBL394800-CHEMBL394861	13.0	620	38	-1	-1	-0.8958078093114632
675	CHEMBL395096-CHEMBL394800	13.0	620	38	-1	-1	-0.8844016115188534
676	CHEMBL394800-CHEMBL396459	13.0	620	38	-1	-1	-0.8936734656193677
677	CHEMBL396703-CHEMBL394800	13.0	620	38	-1	-1	-0.8780584173992424
678	CHEMBL394800-CHEMBL396945	13.0	620	38	-1	-1	-0.8790948318771472
679	CHEMBL394800-CHEMBL396981	13.0	620	38	-1	-1	-0.881788721551388
680	CHEMBL427845-CHEMBL394800	13.0	620	38	-1	-1	-0.9164109308912899
681	CHEMBL394801-CHEMBL394861	13.0	620	38	-1	-1	-0.8899418498286462
682	CHEMBL395096-CHEMBL394801	13.0	620	38	-1	-1	-0.8793913140517369
683	CHEMBL394801-CHEMBL396459	13.0	620	38	-1	-1	-0.8883810113343722
684	CHEMBL396703-CHEMBL394801	13.0	620	38	-1	-1	-0.8736039211695515
685	CHEMBL394801-CHEMBL396945	13.0	620	38	-1	-1	-0.8745538381594445
686	CHEMBL394801-CHEMBL396981	13.0	620	38	-1	-1	-0.8781509836629535
687	CHEMBL427845-CHEMBL394801	13.0	620	38	-1	-1	-0.9083429245567004
688	CHEMBL395096-CHEMBL394861	13.0	620	38	-1	-1	-0.8788459356343564
689	CHEMBL394861-CHEMBL396459	13.0	620	38	-1	-1	-0.8841867472719931
690	CHEMBL396703-CHEMBL394861	13.0	620	38	-1	-1	-0.8796815160177831
691	CHEMBL394861-CHEMBL396945	13.0	620	38	-1	-1	-0.8910846788951212
692	CHEMBL394861-CHEMBL396981	13.0	620	38	-1	-1	-0.8755869976853264
693	CHEMBL427845-CHEMBL394861	13.0	620	38	-1	-1	-0.9454595599617082
694	CHEMBL395096-CHEMBL396459	13.0	620	38	-1	-1	-0.8807902311190592
695	CHEMBL396703-CHEMBL395096	13.0	620	38	-1	-1	-0.8681893346360886
696	CHEMBL395096-CHEMBL396945	13.0	620	38	-1	-1	-0.8701040306539629
697	CHEMBL395096-CHEMBL396981	13.0	620	38	-1	-1	-0.8717410170749262
698	CHEMBL427845-CHEMBL395096	13.0	620	38	-1	-1	-0.9068801783717095
699	CHEMBL396703-CHEMBL396459	13.0	620	38	-1	-1	-0.8784247234511016
700	CHEMBL396459-CHEMBL396945	13.0	620	38	-1	-1	-0.8580766952469101
701	CHEMBL427845-CHEMBL396459	13.0	620	38	-1	-1	-0.8927019757094452
702	CHEMBL396703-CHEMBL396945	13.0	620	38	-1	-1	-0.8638606662771536
703	CHEMBL396703-CHEMBL396981	13.0	620	38	-1	-1	-0.8692192173026032
704	CHEMBL427845-CHEMBL396703	13.0	620	38	-1	-1	-0.8983654271095182
705	CHEMBL396981-CHEMBL396945	13.0	620	38	-1	-1	-0.8720626028960002
706	CHEMBL427845-CHEMBL396981	13.0	620	38	-1	-1	-0.8976854480057687
707	CHEMBL232660-CHEMBL396945	14.0	882	41	-1	-1	-0.9758366107846304
708	CHEMBL443797-CHEMBL67024	15.0	921	41	-1	-1	-0.8695325501388028
709	CHEMBL233054_CHEMBL235824-CHEMBL246127	16.0	892	41	-1	-1	-0.5384798887725745
710	CHEMBL233054_CHEMBL235824-CHEMBL246954	16.0	892	41	-1	-1	-0.6433928656184769
711	CHEMBL246954-CHEMBL246127	16.0	892	41	-1	-1	-0.49200499876237913
712	CHEMBL208070-CHEMBL377574	17.0	898	41	-1	-1	-0.9377126013784569
713	CHEMBL235614_CHEMBL393516-CHEMBL238051_CHEMBL240412	18.0	922	41	-1	-1	-0.9653759959950287
714	CHEMBL238141-CHEMBL236010	19.0	920	41	-1	-1	-0.6406622034306902
715	CHEMBL238143-CHEMBL236010	19.0	920	41	-1	-1	-1.0125072331620384
716	CHEMBL236252-CHEMBL247683	20.0	920	41	-1	-1	-0.9941943249406263
717	CHEMBL392933-CHEMBL236252	21.0	920	41	-1	-1	-0.9734576190051957
718	CHEMBL392933-CHEMBL247683	21.0	920	41	-1	-1	-0.9752425970851722
719	CHEMBL247267-CHEMBL238052	22.0	917	41	-1	-1	-1.0286229725301157
720	CHEMBL238052-CHEMBL247472	22.0	917	41	-1	-1	-1.0288319339361713
721	CHEMBL247267-CHEMBL247472	22.0	917	41	-1	-1	-1.0182863284051635
722	CHEMBL233054_CHEMBL235824-CHEMBL246953	23.0	890	41	-1	-1	-0.8653037665766256
723	CHEMBL233054_CHEMBL235824-CHEMBL395368	23.0	890	41	-1	-1	-0.9840754197834783
724	CHEMBL246127-CHEMBL246953	23.0	890	41	-1	-1	-0.8119563492703005
725	CHEMBL246127-CHEMBL395368	23.0	890	41	-1	-1	-0.8796080472325465
726	CHEMBL246954-CHEMBL246953	23.0	890	41	-1	-1	-0.8337750790230908
727	CHEMBL246954-CHEMBL395368	23.0	890	41	-1	-1	-0.9063574181420193
728	CHEMBL207914-CHEMBL438059	24.0	921	41	-1	-1	-0.8320343656147975
729	CHEMBL238141-CHEMBL238143	25.0	920	41	-1	-1	-0.8943390315084208
730	CHEMBL1945251_CHEMBL611180-CHEMBL3105243	26.0	921	41	-1	-1	-0.9104896376131214
731	CHEMBL1944829_CHEMBL2079586_CHEMBL2096857_CHEMBL222705_CHEMBL40560-CHEMBL1214005_CHEMBL1947098	27.0	922	41	-1	-1	-0.7922118245723905
732	CHEMBL1214059_CHEMBL1944824-CHEMBL1945251_CHEMBL611180	28.0	921	41	-1	-1	-0.9751236650876087
733	CHEMBL1214060_CHEMBL1947086-CHEMBL2113648_CHEMBL538876	29.0	922	41	-1	-1	-0.881932970989969
734	CHEMBL1645613-CHEMBL1645599	30.0	922	41	-1	-1	-0.81795720251299
735	CHEMBL1645609-CHEMBL1645601	31.0	922	41	-1	-1	-0.8193756589303052
736	CHEMBL428706-CHEMBL1944833_CHEMBL230000_CHEMBL2314215_CHEMBL395998	32.0	922	41	-1	-1	-0.814834952365687
737	CHEMBL1946122_CHEMBL3321789-CHEMBL3321790	33.0	917	41	-1	-1	-0.778538582152694
738	CHEMBL1946122_CHEMBL3321789-CHEMBL3321791	33.0	917	41	-1	-1	-0.7745656493552963
739	CHEMBL1946122_CHEMBL3321789-CHEMBL3321792	33.0	917	41	-1	-1	-0.7702788943051266
740	CHEMBL207915-CHEMBL207914	34.0	921	41	-1	-1	-0.8384564417443705
741	CHEMBL199053-CHEMBL199054	35.0	922	41	-1	-1	-0.7538930300902955
742	CHEMBL202644_CHEMBL444540-CHEMBL202860_CHEMBL383464	36.0	895	41	-1	-1	-0.9424054607139111
743	CHEMBL202644_CHEMBL444540-CHEMBL204530_CHEMBL380406	36.0	895	41	-1	-1	-0.9527053567587946
744	CHEMBL202644_CHEMBL444540-CHEMBL204814_CHEMBL381842	36.0	895	41	-1	-1	-0.9484616036567639
745	CHEMBL202644_CHEMBL444540-CHEMBL205005	36.0	895	41	-1	-1	-0.9430678069978424
746	CHEMBL202644_CHEMBL444540-CHEMBL205025_CHEMBL383682	36.0	895	41	-1	-1	-0.9857711509317334
747	CHEMBL202644_CHEMBL444540-CHEMBL206128_CHEMBL255065_CHEMBL381256_CHEMBL429492	36.0	895	41	-1	-1	-0.9528149887326888
748	CHEMBL202644_CHEMBL444540-CHEMBL383071_CHEMBL424682	36.0	895	41	-1	-1	-0.985088925807151
749	CHEMBL202860_CHEMBL383464-CHEMBL204530_CHEMBL380406	36.0	895	41	-1	-1	-0.9489568549457599
750	CHEMBL202860_CHEMBL383464-CHEMBL204814_CHEMBL381842	36.0	895	41	-1	-1	-0.9459143316883131
751	CHEMBL202860_CHEMBL383464-CHEMBL205005	36.0	895	41	-1	-1	-0.93839514668506
752	CHEMBL202860_CHEMBL383464-CHEMBL205025_CHEMBL383682	36.0	895	41	-1	-1	-0.980977464679667
753	CHEMBL202860_CHEMBL383464-CHEMBL206128_CHEMBL255065_CHEMBL381256_CHEMBL429492	36.0	895	41	-1	-1	-0.9475874291644956
754	CHEMBL202860_CHEMBL383464-CHEMBL383071_CHEMBL424682	36.0	895	41	-1	-1	-0.9687507181734518
755	CHEMBL204814_CHEMBL381842-CHEMBL204530_CHEMBL380406	36.0	895	41	-1	-1	-0.956677827294807
756	CHEMBL204530_CHEMBL380406-CHEMBL205005	36.0	895	41	-1	-1	-0.9498962380548838
757	CHEMBL204530_CHEMBL380406-CHEMBL205025_CHEMBL383682	36.0	895	41	-1	-1	-1.0023992171246592
758	CHEMBL204530_CHEMBL380406-CHEMBL206128_CHEMBL255065_CHEMBL381256_CHEMBL429492	36.0	895	41	-1	-1	-0.960687006455219
759	CHEMBL204530_CHEMBL380406-CHEMBL383071_CHEMBL424682	36.0	895	41	-1	-1	-0.9857711509317334
760	CHEMBL204814_CHEMBL381842-CHEMBL205005	36.0	895	41	-1	-1	-0.9460429855154567
761	CHEMBL204814_CHEMBL381842-CHEMBL205025_CHEMBL383682	36.0	895	41	-1	-1	-0.989117711174448
762	CHEMBL204814_CHEMBL381842-CHEMBL206128_CHEMBL255065_CHEMBL381256_CHEMBL429492	36.0	895	41	-1	-1	-0.9561157288476813
763	CHEMBL204814_CHEMBL381842-CHEMBL383071_CHEMBL424682	36.0	895	41	-1	-1	-0.9794466539123634
764	CHEMBL205005-CHEMBL205025_CHEMBL383682	36.0	895	41	-1	-1	-0.9658335448181008
765	CHEMBL205005-CHEMBL206128_CHEMBL255065_CHEMBL381256_CHEMBL429492	36.0	895	41	-1	-1	-0.9405318628449222
766	CHEMBL205005-CHEMBL383071_CHEMBL424682	36.0	895	41	-1	-1	-0.9590311488386959
767	CHEMBL206128_CHEMBL255065_CHEMBL381256_CHEMBL429492-CHEMBL205025_CHEMBL383682	36.0	895	41	-1	-1	-0.9777385463441131
768	CHEMBL383071_CHEMBL424682-CHEMBL205025_CHEMBL383682	36.0	895	41	-1	-1	-0.9390296359743378
769	CHEMBL206128_CHEMBL255065_CHEMBL381256_CHEMBL429492-CHEMBL383071_CHEMBL424682	36.0	895	41	-1	-1	-0.9698984396230079
770	CHEMBL2037528-CHEMBL2037530	37.0	922	41	-1	-1	-0.8131125950517974
771	CHEMBL204586_CHEMBL382783-CHEMBL204060_CHEMBL383745	38.0	922	41	-1	-1	-0.9475732395128161
772	CHEMBL206152-CHEMBL206153	39.0	829	41	-1	-1	-0.8677197138186095
773	CHEMBL207067_CHEMBL207214-CHEMBL206152	39.0	829	41	-1	-1	-1.0273383222757237
774	CHEMBL207480-CHEMBL206152	39.0	829	41	-1	-1	-1.006293693550318
775	CHEMBL206152-CHEMBL207634	39.0	829	41	-1	-1	-0.9294223716930563
776	CHEMBL206152-CHEMBL207635	39.0	829	41	-1	-1	-0.8221849288423984
777	CHEMBL206152-CHEMBL207755	39.0	829	41	-1	-1	-0.9785977985155573
778	CHEMBL207854-CHEMBL206152	39.0	829	41	-1	-1	-1.055495293186155
779	CHEMBL206152-CHEMBL208070	39.0	829	41	-1	-1	-0.7647353842839537
780	CHEMBL209094-CHEMBL206152	39.0	829	41	-1	-1	-0.9867351395696077
781	CHEMBL206152-CHEMBL377574	39.0	829	41	-1	-1	-0.8161379471672557
782	CHEMBL206152-CHEMBL426316	39.0	829	41	-1	-1	-1.0040455218644406
783	CHEMBL441358-CHEMBL206152	39.0	829	41	-1	-1	-1.013263719080571
784	CHEMBL207067_CHEMBL207214-CHEMBL206153	39.0	829	41	-1	-1	-0.9879534206954775
785	CHEMBL207480-CHEMBL206153	39.0	829	41	-1	-1	-0.9606204507017064
786	CHEMBL207634-CHEMBL206153	39.0	829	41	-1	-1	-0.8648069467318319
787	CHEMBL206153-CHEMBL207635	39.0	829	41	-1	-1	-0.7361056445245688
788	CHEMBL206153-CHEMBL207755	39.0	829	41	-1	-1	-0.9616162026350824
789	CHEMBL207854-CHEMBL206153	39.0	829	41	-1	-1	-0.9917524854368422
790	CHEMBL206153-CHEMBL208070	39.0	829	41	-1	-1	-0.6313634164945062
791	CHEMBL209094-CHEMBL206153	39.0	829	41	-1	-1	-0.9337642178440237
792	CHEMBL206153-CHEMBL377574	39.0	829	41	-1	-1	-0.6826773248771805
793	CHEMBL426316-CHEMBL206153	39.0	829	41	-1	-1	-1.0081475210895339
794	CHEMBL441358-CHEMBL206153	39.0	829	41	-1	-1	-0.9762860214273141
795	CHEMBL207067_CHEMBL207214-CHEMBL207480	39.0	829	41	-1	-1	-0.9585652953312152
796	CHEMBL207067_CHEMBL207214-CHEMBL207634	39.0	829	41	-1	-1	-1.1073900005462023
797	CHEMBL207067_CHEMBL207214-CHEMBL207635	39.0	829	41	-1	-1	-1.1028137822122603
798	CHEMBL207067_CHEMBL207214-CHEMBL207755	39.0	829	41	-1	-1	-1.2295113042580663
799	CHEMBL207067_CHEMBL207214-CHEMBL207854	39.0	829	41	-1	-1	-1.2887810972523834
800	CHEMBL207067_CHEMBL207214-CHEMBL208070	39.0	829	41	-1	-1	-1.0618310134483442
801	CHEMBL209094-CHEMBL207067_CHEMBL207214	39.0	829	41	-1	-1	-1.053509242786478
802	CHEMBL207067_CHEMBL207214-CHEMBL377552	39.0	829	41	-1	-1	-1.1370010376963569
803	CHEMBL207067_CHEMBL207214-CHEMBL377574	39.0	829	41	-1	-1	-1.106036596659186
804	CHEMBL381079-CHEMBL207067_CHEMBL207214	39.0	829	41	-1	-1	-1.0194612138038992
805	CHEMBL207067_CHEMBL207214-CHEMBL426316	39.0	829	41	-1	-1	-1.2513074648829554
806	CHEMBL441358-CHEMBL207067_CHEMBL207214	39.0	829	41	-1	-1	-1.0675976866184564
807	CHEMBL207480-CHEMBL207634	39.0	829	41	-1	-1	-1.0903151326874996
808	CHEMBL207480-CHEMBL207635	39.0	829	41	-1	-1	-1.0808627557475115
809	CHEMBL207480-CHEMBL207755	39.0	829	41	-1	-1	-1.1999480422923683
810	CHEMBL207480-CHEMBL207854	39.0	829	41	-1	-1	-1.2510800759617073
811	CHEMBL207480-CHEMBL208070	39.0	829	41	-1	-1	-1.047261318267169
812	CHEMBL209094-CHEMBL207480	39.0	829	41	-1	-1	-1.0382677201633892
813	CHEMBL207480-CHEMBL377552	39.0	829	41	-1	-1	-1.1177811520170298
814	CHEMBL207480-CHEMBL377574	39.0	829	41	-1	-1	-1.088718508283319
815	CHEMBL381079-CHEMBL207480	39.0	829	41	-1	-1	-1.007445773918777
816	CHEMBL207480-CHEMBL426316	39.0	829	41	-1	-1	-1.217993440462691
817	CHEMBL441358-CHEMBL207480	39.0	829	41	-1	-1	-1.049546028785271
818	CHEMBL207634-CHEMBL207635	39.0	829	41	-1	-1	-0.9703406586221327
819	CHEMBL207634-CHEMBL207755	39.0	829	41	-1	-1	-1.0976497842748882
820	CHEMBL207854-CHEMBL207634	39.0	829	41	-1	-1	-1.148634413402456
821	CHEMBL207634-CHEMBL208070	39.0	829	41	-1	-1	-0.937289355192982
822	CHEMBL209094-CHEMBL207634	39.0	829	41	-1	-1	-1.0653308222957005
823	CHEMBL207634-CHEMBL377552	39.0	829	41	-1	-1	-0.9057308857286577
824	CHEMBL207634-CHEMBL377574	39.0	829	41	-1	-1	-0.9811039558207104
825	CHEMBL381079-CHEMBL207634	39.0	829	41	-1	-1	-1.0881153242068609
826	CHEMBL207634-CHEMBL426316	39.0	829	41	-1	-1	-1.1129627947075282
827	CHEMBL441358-CHEMBL207634	39.0	829	41	-1	-1	-1.0987559776356604
828	CHEMBL207755-CHEMBL207635	39.0	829	41	-1	-1	-1.107342893666241
829	CHEMBL207854-CHEMBL207635	39.0	829	41	-1	-1	-1.17120029441562
830	CHEMBL209094-CHEMBL207635	39.0	829	41	-1	-1	-1.0675136700868253
831	CHEMBL377552-CHEMBL207635	39.0	829	41	-1	-1	-1.0000547316400872
832	CHEMBL381079-CHEMBL207635	39.0	829	41	-1	-1	-1.0302177132204586
833	CHEMBL426316-CHEMBL207635	39.0	829	41	-1	-1	-1.1230937988765457
834	CHEMBL207755-CHEMBL208070	39.0	829	41	-1	-1	-1.1395136086514666
835	CHEMBL209094-CHEMBL207755	39.0	829	41	-1	-1	-1.209362987048039
836	CHEMBL377552-CHEMBL207755	39.0	829	41	-1	-1	-1.1387905228565742
837	CHEMBL207755-CHEMBL377574	39.0	829	41	-1	-1	-1.1866584550232857
838	CHEMBL381079-CHEMBL207755	39.0	829	41	-1	-1	-1.1541405150284423
839	CHEMBL426316-CHEMBL207755	39.0	829	41	-1	-1	-1.2859177744951715
840	CHEMBL441358-CHEMBL207755	39.0	829	41	-1	-1	-1.2343339141705765
841	CHEMBL207854-CHEMBL208070	39.0	829	41	-1	-1	-1.1079740433886753
842	CHEMBL209094-CHEMBL207854	39.0	829	41	-1	-1	-1.2675683787482874
843	CHEMBL207854-CHEMBL377552	39.0	829	41	-1	-1	-1.1914087215030698
844	CHEMBL207854-CHEMBL377574	39.0	829	41	-1	-1	-1.0231184066229126
845	CHEMBL381079-CHEMBL207854	39.0	829	41	-1	-1	-1.2069719666644279
846	CHEMBL207854-CHEMBL426316	39.0	829	41	-1	-1	-1.0361348197182425
847	CHEMBL441358-CHEMBL207854	39.0	829	41	-1	-1	-1.2976206653261402
848	CHEMBL209094-CHEMBL208070	39.0	829	41	-1	-1	-1.0406920926433416
849	CHEMBL377552-CHEMBL208070	39.0	829	41	-1	-1	-0.9717448632669612
850	CHEMBL381079-CHEMBL208070	39.0	829	41	-1	-1	-0.9985739426861419
851	CHEMBL426316-CHEMBL208070	39.0	829	41	-1	-1	-1.045360202452715
852	CHEMBL441358-CHEMBL208070	39.0	829	41	-1	-1	-1.0227672010712134
853	CHEMBL209094-CHEMBL377552	39.0	829	41	-1	-1	-1.1114973045503085
854	CHEMBL209094-CHEMBL377574	39.0	829	41	-1	-1	-1.0868027722848432
855	CHEMBL381079-CHEMBL209094	39.0	829	41	-1	-1	-0.9224066570702857
856	CHEMBL209094-CHEMBL426316	39.0	829	41	-1	-1	-1.226982002871443
857	CHEMBL377552-CHEMBL377574	39.0	829	41	-1	-1	-1.0185120001538392
858	CHEMBL381079-CHEMBL377552	39.0	829	41	-1	-1	-1.0590574146764986
859	CHEMBL377552-CHEMBL426316	39.0	829	41	-1	-1	-1.1531894316554887
860	CHEMBL381079-CHEMBL377574	39.0	829	41	-1	-1	-1.0402020757444128
861	CHEMBL426316-CHEMBL377574	39.0	829	41	-1	-1	-0.964481014501998
862	CHEMBL441358-CHEMBL377574	39.0	829	41	-1	-1	-1.1010584917629067
863	CHEMBL381079-CHEMBL426316	39.0	829	41	-1	-1	-1.1716147878418748
864	CHEMBL441358-CHEMBL426316	39.0	829	41	-1	-1	-1.2568869602060873
865	CHEMBL382248-CHEMBL207894	40.0	899	40	-1	-1	-0.770804414751993
866	CHEMBL247671-CHEMBL238052	41.0	917	41	-1	-1	-0.9135089719940301
867	CHEMBL247671-CHEMBL247267	41.0	917	41	-1	-1	-0.9107710990806209
868	CHEMBL247671-CHEMBL247472	41.0	917	41	-1	-1	-0.8993029831717038
869	CHEMBL441137-CHEMBL238182	42.0	909	40	-1	-1	-1.019927740517896
870	CHEMBL421867-CHEMBL67024	43.0	921	41	-1	-1	-0.8812587313408825
871	CHEMBL247266-CHEMBL241706	44.0	920	41	-1	-1	-0.9949454771205752
872	CHEMBL241706-CHEMBL247470	44.0	920	41	-1	-1	-1.0194108188624404
873	CHEMBL247266-CHEMBL247470	44.0	920	41	-1	-1	-1.0132214273604967
874	CHEMBL272077-CHEMBL257909	45.0	922	41	-1	-1	-1.003931942630001
875	CHEMBL258153-CHEMBL402590	46.0	915	41	-1	-1	-0.6370891660672834
876	CHEMBL408206-CHEMBL258153	46.0	915	41	-1	-1	-0.8468422607427022
877	CHEMBL408206-CHEMBL402590	46.0	915	41	-1	-1	-0.8330612321616873
878	CHEMBL408206-CHEMBL402644	46.0	915	41	-1	-1	-0.8848380719704534
879	CHEMBL270625-CHEMBL270165	48.0	920	41	-1	-1	-1.0163709519665418
880	CHEMBL272289-CHEMBL272699	49.0	922	41	-1	-1	-0.9871025718067379
881	CHEMBL273136-CHEMBL403148	50.0	922	41	-1	-1	-0.9810882327228565
882	CHEMBL273157-CHEMBL409877	51.0	921	41	-1	-1	-0.9759376785863307
883	CHEMBL300340-CHEMBL56795	52.0	922	41	-1	-1	-0.9260927012840174
884	CHEMBL421660-CHEMBL311701	53.0	922	41	-1	-1	-0.9194738551928806
885	CHEMBL419316-CHEMBL328114	54.0	918	41	-1	-1	-0.7719916992794624
886	CHEMBL91157-CHEMBL328114	55.0	917	41	-1	-1	-0.7527007120042983
887	CHEMBL328114-CHEMBL92860	55.0	917	41	-1	-1	-0.7770147821731053
888	CHEMBL91157-CHEMBL419316	55.0	917	41	-1	-1	-0.7736842674519323
889	CHEMBL419316-CHEMBL92860	55.0	917	41	-1	-1	-0.7612625009599788
890	CHEMBL91157-CHEMBL92860	55.0	917	41	-1	-1	-0.7539421044230147
891	CHEMBL3321790-CHEMBL3321791	56.0	917	41	-1	-1	-0.7635889417778993
892	CHEMBL3321790-CHEMBL3321792	56.0	917	41	-1	-1	-0.7626204260342684
893	CHEMBL3321791-CHEMBL3321792	56.0	917	41	-1	-1	-0.7657645066811062
894	CHEMBL394928-CHEMBL439389	57.0	922	41	-1	-1	-0.9921217758904508
895	CHEMBL476839-CHEMBL402143_CHEMBL515472	58.0	922	41	-1	-1	-0.95013692388924
896	CHEMBL67078-CHEMBL417035	59.0	921	41	-1	-1	-0.9160384873649623
897	CHEMBL272503-CHEMBL257738	60.0	918	41	-1	-1	-0.9960001213848735
898	CHEMBL257738-CHEMBL258153	61.0	914	41	-1	-1	-0.8211821759212699
899	CHEMBL257738-CHEMBL408206	61.0	914	41	-1	-1	-0.9690824913302514
900	CHEMBL272503-CHEMBL258153	61.0	914	41	-1	-1	-0.9422178351532667
901	CHEMBL272503-CHEMBL402644	61.0	914	41	-1	-1	-0.9732270815165485
902	CHEMBL257434-CHEMBL270625	62.0	918	40	-1	-1	-0.8901662190261457
903	CHEMBL267267-CHEMBL270165	62.0	918	40	-1	-1	-0.90248020344728
904	CHEMBL395368-CHEMBL246955_CHEMBL257917	63.0	917	41	-1	-1	-1.0374440665109086
905	CHEMBL67203-CHEMBL66112	64.0	922	41	-1	-1	-0.9330932118044839
906	CHEMBL393071-CHEMBL245309	65.0	922	41	-1	-1	-0.9137728730860689
907	CHEMBL245514-CHEMBL245515	66.0	922	41	-1	-1	-0.9745473094830918
908	CHEMBL245714-CHEMBL394321	67.0	903	41	-1	-1	-0.8896520613800909
909	CHEMBL246716-CHEMBL246927	68.0	922	41	-1	-1	-0.9820348614429028
910	CHEMBL395368-CHEMBL246953	69.0	915	41	-1	-1	-0.48767134101393145
911	CHEMBL247268-CHEMBL247061	70.0	922	41	-1	-1	-1.0014431182252779
912	CHEMBL267267-CHEMBL257434	71.0	919	40	-1	-1	-1.0175548764023086
913	CHEMBL247062-CHEMBL391605	72.0	922	41	-1	-1	-0.9667249529917814
914	CHEMBL247265-CHEMBL394732	73.0	922	41	-1	-1	-0.9622258661001624
915	CHEMBL247935-CHEMBL247335	74.0	922	41	-1	-1	-0.9837921256135993
916	CHEMBL247933-CHEMBL439561	75.0	922	41	-1	-1	-0.9955769719893139
917	CHEMBL256044-CHEMBL256390	76.0	919	41	-1	-1	-0.9792223754859363
918	CHEMBL256044-CHEMBL257743	76.0	919	41	-1	-1	-0.9827140428014569
919	CHEMBL256044-CHEMBL404247	76.0	919	41	-1	-1	-1.0064235443339438
920	CHEMBL257743-CHEMBL256390	76.0	919	41	-1	-1	-0.8556653339123952
921	CHEMBL257221-CHEMBL273157	77.0	921	41	-1	-1	-0.9524630353831468
922	CHEMBL69380-CHEMBL67078	78.0	921	41	-1	-1	-0.877073407659374
