	ids	loop	#tr	#ac_tr	trueY	predY	prob
0	CHEMBL359543-CHEMBL178359	2	693	18	0	0.0	0.43368375301361084
1	CHEMBL181509-CHEMBL178581_CHEMBL368250	2	693	18	0	0.0	0.4348291754722595
2	CHEMBL178581_CHEMBL368250-CHEMBL182106	2	693	18	0	0.0	0.4076513946056366
3	CHEMBL181941-CHEMBL179627	2	693	18	0	0.0	0.43380239605903625
4	CHEMBL179627-CHEMBL201285	2	693	18	0	0.0	0.4307386577129364
5	CHEMBL179627-CHEMBL201572	2	693	18	0	0.0	0.43112438917160034
6	CHEMBL179627-CHEMBL201905	2	693	18	0	0.0	0.43232446908950806
7	CHEMBL179627-CHEMBL382449	2	693	18	0	0.0	0.430730938911438
8	CHEMBL179627-CHEMBL435132	2	693	18	0	0.0	0.43075698614120483
9	CHEMBL181509-CHEMBL182106	2	693	18	0	0.0	0.43433260917663574
10	CHEMBL181941-CHEMBL201285	2	693	18	0	0.0	0.43071141839027405
11	CHEMBL181941-CHEMBL201572	2	693	18	0	0.0	0.431097149848938
12	CHEMBL181941-CHEMBL201905	2	693	18	0	0.0	0.4322948157787323
13	CHEMBL181941-CHEMBL382449	2	693	18	0	0.0	0.43070363998413086
14	CHEMBL181941-CHEMBL435132	2	693	18	0	0.0	0.4307297468185425
15	CHEMBL182106-CHEMBL360736	2	693	18	0	0.0	0.4343816936016083
16	CHEMBL192520-CHEMBL189683	2	693	18	0	0.0	0.45763829350471497
17	CHEMBL425897-CHEMBL189683	2	693	18	0	0.0	0.4583434462547302
18	CHEMBL190353-CHEMBL190600	2	693	18	0	0.0	0.40246668457984924
19	CHEMBL190766-CHEMBL190353	2	693	18	0	0.0	0.4289293885231018
20	CHEMBL192998-CHEMBL190353	2	693	18	0	0.0	0.40209782123565674
21	CHEMBL362741-CHEMBL190353	2	693	18	0	0.0	0.42806097865104675
22	CHEMBL363822-CHEMBL190353	2	693	18	0	0.0	0.4284855127334595
23	CHEMBL370538-CHEMBL190353	2	693	18	0	0.0	0.406418114900589
24	CHEMBL425897-CHEMBL190353	2	693	18	0	0.0	0.42948585748672485
25	CHEMBL447185-CHEMBL190353	2	693	18	0	0.0	0.4293220639228821
26	CHEMBL190766-CHEMBL190600	2	693	18	0	0.0	0.4290474057197571
27	CHEMBL192998-CHEMBL190600	2	693	18	0	0.0	0.4022171199321747
28	CHEMBL362741-CHEMBL190600	2	693	18	0	0.0	0.42817896604537964
29	CHEMBL363822-CHEMBL190600	2	693	18	0	0.0	0.42860352993011475
30	CHEMBL370538-CHEMBL190600	2	693	18	0	0.0	0.4065377712249756
31	CHEMBL425897-CHEMBL190600	2	693	18	0	0.0	0.4296039342880249
32	CHEMBL447185-CHEMBL190600	2	693	18	0	0.0	0.42944014072418213
33	CHEMBL190766-CHEMBL192998	2	693	18	0	0.0	0.4286772608757019
34	CHEMBL190766-CHEMBL362741	2	693	18	0	0.0	0.45652833580970764
35	CHEMBL190766-CHEMBL363822	2	693	18	0	0.0	0.45693156123161316
36	CHEMBL190766-CHEMBL370538	2	693	18	0	0.0	0.43291017413139343
37	CHEMBL425897-CHEMBL190766	2	693	18	0	0.0	0.4579107463359833
38	CHEMBL447185-CHEMBL190766	2	693	18	0	0.0	0.4576205909252167
39	CHEMBL190902-CHEMBL190785	2	693	18	0	0.0	0.4704432487487793
40	CHEMBL191180-CHEMBL190785	2	693	18	0	0.0	0.4684217870235443
41	CHEMBL2380325-CHEMBL190785	2	693	18	0	0.0	0.4693620800971985
42	CHEMBL2381585-CHEMBL190785	2	693	18	0	0.0	0.4702078104019165
43	CHEMBL2381587-CHEMBL190785	2	693	18	0	0.0	0.470181405544281
44	CHEMBL2381589-CHEMBL190785	2	693	18	0	0.0	0.4697577655315399
45	CHEMBL2381593-CHEMBL190785	2	693	18	0	0.0	0.4701487421989441
46	CHEMBL2381594-CHEMBL190785	2	693	18	0	0.0	0.46980831027030945
47	CHEMBL360404-CHEMBL190785	2	693	18	0	0.0	0.4707430899143219
48	CHEMBL190785-CHEMBL363324	2	693	18	0	0.0	0.4425947368144989
49	CHEMBL370912-CHEMBL190785	2	693	18	0	0.0	0.4708550274372101
50	CHEMBL190902-CHEMBL191180	2	693	18	0	0.0	0.49820858240127563
51	CHEMBL190902-CHEMBL2380325	2	693	18	0	0.0	0.49774616956710815
52	CHEMBL190902-CHEMBL2381585	2	693	18	0	0.0	0.4986538887023926
53	CHEMBL190902-CHEMBL2381587	2	693	18	0	0.0	0.4986445903778076
54	CHEMBL190902-CHEMBL2381589	2	693	18	0	0.0	0.49821528792381287
55	CHEMBL190902-CHEMBL2381593	2	693	18	0	0.0	0.49854394793510437
56	CHEMBL190902-CHEMBL2381594	2	693	18	0	0.0	0.49816685914993286
57	CHEMBL190902-CHEMBL360404	2	693	18	0	0.0	0.49945175647735596
58	CHEMBL190902-CHEMBL363324	2	693	18	0	0.0	0.47182804346084595
59	CHEMBL190902-CHEMBL370912	2	693	18	0	0.0	0.4996790587902069
60	CHEMBL2380325-CHEMBL191014	2	693	18	0	0.0	0.46982380747795105
61	CHEMBL2381585-CHEMBL191014	2	693	18	1	0.0	0.4706341326236725
62	CHEMBL2381589-CHEMBL191014	2	693	18	0	0.0	0.47021961212158203
63	CHEMBL2381590-CHEMBL191014	2	693	18	0	0.0	0.47088366746902466
64	CHEMBL2381594-CHEMBL191014	2	693	18	0	0.0	0.4702729284763336
65	CHEMBL2381595-CHEMBL191014	2	693	18	0	0.0	0.44258028268814087
66	CHEMBL360404-CHEMBL191014	2	693	18	0	0.0	0.47125518321990967
67	CHEMBL4464797-CHEMBL191014	2	693	18	1	0.0	0.4716106653213501
68	CHEMBL2380325-CHEMBL191180	2	693	18	0	0.0	0.4968401789665222
69	CHEMBL2381585-CHEMBL191180	2	693	18	0	0.0	0.4976580739021301
70	CHEMBL2381587-CHEMBL191180	2	693	18	0	0.0	0.4976487457752228
71	CHEMBL2381589-CHEMBL191180	2	693	18	0	0.0	0.4973093271255493
72	CHEMBL2381593-CHEMBL191180	2	693	18	0	0.0	0.49753469228744507
73	CHEMBL2381594-CHEMBL191180	2	693	18	0	0.0	0.4972560405731201
74	CHEMBL360404-CHEMBL191180	2	693	18	0	0.0	0.49854665994644165
75	CHEMBL191180-CHEMBL363324	2	693	18	0	0.0	0.4706591069698334
76	CHEMBL370912-CHEMBL191180	2	693	18	0	0.0	0.4986855387687683
77	CHEMBL359557-CHEMBL192520	2	693	18	0	0.0	0.4607295095920563
78	CHEMBL362741-CHEMBL192998	2	693	18	0	0.0	0.4278090000152588
79	CHEMBL363822-CHEMBL192998	2	693	18	0	0.0	0.4282335042953491
80	CHEMBL370538-CHEMBL192998	2	693	18	0	0.0	0.40588104724884033
81	CHEMBL425897-CHEMBL192998	2	693	18	0	0.0	0.42923370003700256
82	CHEMBL447185-CHEMBL192998	2	693	18	0	0.0	0.42860108613967896
83	CHEMBL199294-CHEMBL198238	2	693	18	0	0.0	0.4366242289543152
84	CHEMBL198238-CHEMBL199378	2	693	18	0	0.0	0.40866905450820923
85	CHEMBL199433-CHEMBL198238	2	693	18	0	0.0	0.4090842008590698
86	CHEMBL198238-CHEMBL199434	2	693	18	0	0.0	0.3821718692779541
87	CHEMBL198238-CHEMBL199518	2	693	18	0	0.0	0.40630456805229187
88	CHEMBL198238-CHEMBL200098	2	693	18	0	0.0	0.40878531336784363
89	CHEMBL198238-CHEMBL200700	2	693	18	0	0.0	0.4340866804122925
90	CHEMBL198238-CHEMBL201453	2	693	18	0	0.0	0.40905824303627014
91	CHEMBL198238-CHEMBL202238	2	693	18	0	0.0	0.4061623215675354
92	CHEMBL232383-CHEMBL198238	2	693	18	0	0.0	0.43497708439826965
93	CHEMBL198238-CHEMBL232583	2	693	18	0	0.0	0.40835073590278625
94	CHEMBL198238-CHEMBL232740	2	693	18	0	0.0	0.4368933439254761
95	CHEMBL198238-CHEMBL232937	2	693	18	0	0.0	0.4360521733760834
96	CHEMBL198238-CHEMBL233143	2	693	18	0	0.0	0.43528106808662415
97	CHEMBL198238-CHEMBL233368	2	693	18	0	0.0	0.4104737937450409
98	CHEMBL198238-CHEMBL382326	2	693	18	0	0.0	0.4091821014881134
99	CHEMBL198238-CHEMBL392266	2	693	18	0	0.0	0.43691304326057434
100	CHEMBL392476-CHEMBL198238	2	693	18	0	0.0	0.43487945199012756
101	CHEMBL392477-CHEMBL198238	2	693	18	0	0.0	0.4344332814216614
102	CHEMBL198238-CHEMBL392478	2	693	18	0	0.0	0.40755796432495117
103	CHEMBL198238-CHEMBL400436	2	693	18	0	0.0	0.43717262148857117
104	CHEMBL426470-CHEMBL198238	2	693	18	0	0.0	0.4329395890235901
105	CHEMBL199294-CHEMBL199378	2	693	18	0	0.0	0.4100732207298279
106	CHEMBL199294-CHEMBL199433	2	693	18	0	0.0	0.4104892909526825
107	CHEMBL199294-CHEMBL199434	2	693	18	0	0.0	0.38336363434791565
108	CHEMBL199294-CHEMBL199518	2	693	18	0	0.0	0.40744301676750183
109	CHEMBL199294-CHEMBL200098	2	693	18	0	0.0	0.4099797010421753
110	CHEMBL199294-CHEMBL200700	2	693	18	0	0.0	0.4352451264858246
111	CHEMBL199294-CHEMBL201453	2	693	18	0	0.0	0.4102528691291809
112	CHEMBL199294-CHEMBL202238	2	693	18	0	0.0	0.4072967767715454
113	CHEMBL232383-CHEMBL199294	2	693	18	0	0.0	0.43613743782043457
114	CHEMBL199294-CHEMBL232583	2	693	18	0	0.0	0.4095582962036133
115	CHEMBL199294-CHEMBL232740	2	693	18	0	0.0	0.4380853772163391
116	CHEMBL199294-CHEMBL232937	2	693	18	0	0.0	0.43724408745765686
117	CHEMBL199294-CHEMBL233143	2	693	18	0	0.0	0.43646255135536194
118	CHEMBL199294-CHEMBL233368	2	693	18	0	0.0	0.41165193915367126
119	CHEMBL199294-CHEMBL382326	2	693	18	0	0.0	0.4103768765926361
120	CHEMBL199294-CHEMBL392266	2	693	18	0	0.0	0.43810081481933594
121	CHEMBL392476-CHEMBL199294	2	693	18	0	0.0	0.4360397756099701
122	CHEMBL392477-CHEMBL199294	2	693	18	0	0.0	0.43559324741363525
123	CHEMBL199294-CHEMBL392478	2	693	18	0	0.0	0.40868914127349854
124	CHEMBL199294-CHEMBL400436	2	693	18	0	0.0	0.43835315108299255
125	CHEMBL199294-CHEMBL426470	2	693	18	0	0.0	0.4343792200088501
126	CHEMBL199294-CHEMBL436323	2	693	18	0	0.0	0.4120902419090271
127	CHEMBL199433-CHEMBL199378	2	693	18	0	0.0	0.3825514316558838
128	CHEMBL199378-CHEMBL199518	2	693	18	0	0.0	0.3779944181442261
129	CHEMBL200098-CHEMBL199378	2	693	18	0	0.0	0.38246604800224304
130	CHEMBL199378-CHEMBL200700	2	693	18	0	0.0	0.4073897898197174
131	CHEMBL201453-CHEMBL199378	2	693	18	0	0.0	0.3827328383922577
132	CHEMBL199378-CHEMBL202238	2	693	18	0	0.0	0.37859636545181274
133	CHEMBL232383-CHEMBL199378	2	693	18	0	0.0	0.40826141834259033
134	CHEMBL199378-CHEMBL232583	2	693	18	0	0.0	0.38222354650497437
135	CHEMBL199378-CHEMBL232740	2	693	18	0	0.0	0.41011905670166016
136	CHEMBL199378-CHEMBL232937	2	693	18	0	0.0	0.40926843881607056
137	CHEMBL199378-CHEMBL233143	2	693	18	0	0.0	0.40849581360816956
138	CHEMBL199378-CHEMBL233368	2	693	18	0	0.0	0.38414648175239563
139	CHEMBL199378-CHEMBL392266	2	693	18	0	0.0	0.41009223461151123
140	CHEMBL392476-CHEMBL199378	2	693	18	0	0.0	0.408173531293869
141	CHEMBL392477-CHEMBL199378	2	693	18	0	0.0	0.40771621465682983
142	CHEMBL199378-CHEMBL392478	2	693	18	0	0.0	0.38137489557266235
143	CHEMBL199378-CHEMBL400436	2	693	18	0	0.0	0.41037535667419434
144	CHEMBL426470-CHEMBL199378	2	693	18	0	0.0	0.4064415395259857
145	CHEMBL199378-CHEMBL436323	2	693	18	0	0.0	0.38461101055145264
146	CHEMBL199433-CHEMBL199434	2	693	18	0	0.0	0.3570747971534729
147	CHEMBL199433-CHEMBL199518	2	693	18	0	0.0	0.3783654272556305
148	CHEMBL199433-CHEMBL200098	2	693	18	0	0.0	0.3828827142715454
149	CHEMBL199433-CHEMBL200700	2	693	18	0	0.0	0.40774261951446533
150	CHEMBL199433-CHEMBL201453	2	693	18	0	0.0	0.3831495940685272
151	CHEMBL199433-CHEMBL202238	2	693	18	0	0.0	0.38029083609580994
152	CHEMBL232383-CHEMBL199433	2	693	18	0	0.0	0.4086272716522217
153	CHEMBL199433-CHEMBL232583	2	693	18	0	0.0	0.3825954794883728
154	CHEMBL199433-CHEMBL232740	2	693	18	0	0.0	0.4105260968208313
155	CHEMBL199433-CHEMBL232937	2	693	18	0	0.0	0.4096681773662567
156	CHEMBL199433-CHEMBL233143	2	693	18	0	0.0	0.40889203548431396
157	CHEMBL199433-CHEMBL233368	2	693	18	0	0.0	0.3845517039299011
158	CHEMBL199433-CHEMBL382326	2	693	18	0	0.0	0.3832707107067108
159	CHEMBL199433-CHEMBL392266	2	693	18	0	0.0	0.41048967838287354
160	CHEMBL392476-CHEMBL199433	2	693	18	0	0.0	0.4085303246974945
161	CHEMBL392477-CHEMBL199433	2	693	18	0	0.0	0.4080929160118103
162	CHEMBL199433-CHEMBL392478	2	693	18	0	0.0	0.3817465305328369
163	CHEMBL199433-CHEMBL400436	2	693	18	0	0.0	0.4107702970504761
164	CHEMBL199433-CHEMBL426470	2	693	18	0	0.0	0.4064299762248993
165	CHEMBL199433-CHEMBL436323	2	693	18	0	0.0	0.3849729597568512
166	CHEMBL199518-CHEMBL199434	2	693	18	0	0.0	0.3562193512916565
167	CHEMBL200098-CHEMBL199434	2	693	18	0	0.0	0.35666215419769287
168	CHEMBL201453-CHEMBL199434	2	693	18	0	0.0	0.3569197654724121
169	CHEMBL232583-CHEMBL199434	2	693	18	0	0.0	0.35823535919189453
170	CHEMBL232740-CHEMBL199434	2	693	18	0	0.0	0.3832220435142517
171	CHEMBL232937-CHEMBL199434	2	693	18	0	0.0	0.38242611289024353
172	CHEMBL233143-CHEMBL199434	2	693	18	0	0.0	0.38161370158195496
173	CHEMBL233368-CHEMBL199434	2	693	18	0	0.0	0.3579416573047638
174	CHEMBL382326-CHEMBL199434	2	693	18	0	0.0	0.3570382595062256
175	CHEMBL392266-CHEMBL199434	2	693	18	0	0.0	0.38315483927726746
176	CHEMBL392478-CHEMBL199434	2	693	18	0	0.0	0.35740572214126587
177	CHEMBL400436-CHEMBL199434	2	693	18	0	0.0	0.38340049982070923
178	CHEMBL200098-CHEMBL199518	2	693	18	0	0.0	0.38003379106521606
179	CHEMBL200700-CHEMBL199518	2	693	18	0	0.0	0.4044479429721832
180	CHEMBL201453-CHEMBL199518	2	693	18	0	0.0	0.3802981674671173
181	CHEMBL199518-CHEMBL202238	2	693	18	0	0.0	0.3773325979709625
182	CHEMBL232383-CHEMBL199518	2	693	18	0	0.0	0.40562111139297485
183	CHEMBL232583-CHEMBL199518	2	693	18	0	0.0	0.3817135989665985
184	CHEMBL232740-CHEMBL199518	2	693	18	0	0.0	0.40722891688346863
185	CHEMBL232937-CHEMBL199518	2	693	18	0	0.0	0.4063997268676758
186	CHEMBL233143-CHEMBL199518	2	693	18	0	0.0	0.4055945873260498
187	CHEMBL233368-CHEMBL199518	2	693	18	0	0.0	0.3813599646091461
188	CHEMBL382326-CHEMBL199518	2	693	18	0	0.0	0.38041985034942627
189	CHEMBL392266-CHEMBL199518	2	693	18	0	0.0	0.4071882963180542
190	CHEMBL392476-CHEMBL199518	2	693	18	0	0.0	0.4055238962173462
191	CHEMBL392477-CHEMBL199518	2	693	18	0	0.0	0.405087947845459
192	CHEMBL392478-CHEMBL199518	2	693	18	0	0.0	0.38086533546447754
193	CHEMBL400436-CHEMBL199518	2	693	18	0	0.0	0.40743857622146606
194	CHEMBL426470-CHEMBL199518	2	693	18	0	0.0	0.4013635814189911
195	CHEMBL199518-CHEMBL436323	2	693	18	0	0.0	0.3820017874240875
196	CHEMBL199545-CHEMBL199684	2	693	18	0	0.0	0.3802967667579651
197	CHEMBL199545-CHEMBL381674	2	693	18	0	0.0	0.3802630603313446
198	CHEMBL199545-CHEMBL382326	2	693	18	0	0.0	0.3792722523212433
199	CHEMBL199684-CHEMBL381674	2	693	18	0	0.0	0.37886059284210205
200	CHEMBL382326-CHEMBL199871	2	693	18	0	0.0	0.3790527880191803
201	CHEMBL201453-CHEMBL200098	2	693	18	0	0.0	0.3826836347579956
202	CHEMBL200098-CHEMBL202238	2	693	18	0	0.0	0.3798825740814209
203	CHEMBL232383-CHEMBL200098	2	693	18	0	0.0	0.4082120656967163
204	CHEMBL200098-CHEMBL232583	2	693	18	0	0.0	0.3821747899055481
205	CHEMBL200098-CHEMBL232740	2	693	18	0	0.0	0.4098123610019684
206	CHEMBL200098-CHEMBL232937	2	693	18	0	0.0	0.40897855162620544
207	CHEMBL200098-CHEMBL233143	2	693	18	0	0.0	0.408443421125412
208	CHEMBL200098-CHEMBL233368	2	693	18	0	0.0	0.3840973675251007
209	CHEMBL200098-CHEMBL392266	2	693	18	0	0.0	0.4100397527217865
210	CHEMBL392476-CHEMBL200098	2	693	18	0	0.0	0.4081264138221741
211	CHEMBL392477-CHEMBL200098	2	693	18	0	0.0	0.4076893627643585
212	CHEMBL200098-CHEMBL392478	2	693	18	0	0.0	0.3812514841556549
213	CHEMBL200098-CHEMBL400436	2	693	18	0	0.0	0.41002291440963745
214	CHEMBL426470-CHEMBL200098	2	693	18	0	0.0	0.4063456654548645
215	CHEMBL200700-CHEMBL202238	2	693	18	0	0.0	0.4053695797920227
216	CHEMBL232383-CHEMBL200700	2	693	18	0	0.0	0.4355386197566986
217	CHEMBL392476-CHEMBL200700	2	693	18	0	0.0	0.4354572296142578
218	CHEMBL392477-CHEMBL200700	2	693	18	0	0.0	0.4349899888038635
219	CHEMBL392478-CHEMBL200700	2	693	18	0	0.0	0.4081927239894867
220	CHEMBL426470-CHEMBL200700	2	693	18	0	0.0	0.4315774142742157
221	CHEMBL200700-CHEMBL436323	2	693	18	0	0.0	0.4095602333545685
222	CHEMBL201572-CHEMBL201285	2	693	18	0	0.0	0.4295552670955658
223	CHEMBL201905-CHEMBL201285	2	693	18	0	0.0	0.43070170283317566
224	CHEMBL369720-CHEMBL201285	2	693	18	1	0.0	0.43073591589927673
225	CHEMBL382449-CHEMBL201285	2	693	18	0	0.0	0.4291004240512848
226	CHEMBL382932-CHEMBL201285	2	693	18	0	0.0	0.431118905544281
227	CHEMBL435132-CHEMBL201285	2	693	18	0	0.0	0.4291413426399231
228	CHEMBL201661-CHEMBL201296	2	693	18	0	0.0	0.4334453046321869
229	CHEMBL202150-CHEMBL201296	2	693	18	0	0.0	0.46151766180992126
230	CHEMBL202327-CHEMBL201296	2	693	18	0	0.0	0.46104171872138977
231	CHEMBL202461-CHEMBL201296	2	693	18	0	0.0	0.4633893072605133
232	CHEMBL202462-CHEMBL201296	2	693	18	0	0.0	0.46273115277290344
233	CHEMBL383094-CHEMBL201296	2	693	18	0	0.0	0.46063345670700073
234	CHEMBL201453-CHEMBL202238	2	693	18	0	0.0	0.38014692068099976
235	CHEMBL232383-CHEMBL201453	2	693	18	0	0.0	0.4084831476211548
236	CHEMBL201453-CHEMBL232583	2	693	18	0	0.0	0.38243982195854187
237	CHEMBL201453-CHEMBL232740	2	693	18	0	0.0	0.4100872278213501
238	CHEMBL201453-CHEMBL232937	2	693	18	0	0.0	0.40926119685173035
239	CHEMBL201453-CHEMBL233143	2	693	18	0	0.0	0.4087241590023041
240	CHEMBL201453-CHEMBL233368	2	693	18	0	0.0	0.38436293601989746
241	CHEMBL201453-CHEMBL382326	2	693	18	0	0.0	0.3830699026584625
242	CHEMBL201453-CHEMBL392266	2	693	18	0	0.0	0.41032087802886963
243	CHEMBL392476-CHEMBL201453	2	693	18	0	0.0	0.4084043800830841
244	CHEMBL392477-CHEMBL201453	2	693	18	0	0.0	0.40796488523483276
245	CHEMBL201453-CHEMBL392478	2	693	18	0	0.0	0.3815161883831024
246	CHEMBL201453-CHEMBL400436	2	693	18	0	0.0	0.41030582785606384
247	CHEMBL426470-CHEMBL201453	2	693	18	0	0.0	0.40662771463394165
248	CHEMBL201905-CHEMBL201572	2	693	18	0	0.0	0.43108806014060974
249	CHEMBL369720-CHEMBL201572	2	693	18	1	0.0	0.43112167716026306
250	CHEMBL201572-CHEMBL382449	2	693	18	0	0.0	0.429486483335495
251	CHEMBL435132-CHEMBL201572	2	693	18	0	0.0	0.4295274615287781
252	CHEMBL202150-CHEMBL201661	2	693	18	0	0.0	0.46116313338279724
253	CHEMBL202327-CHEMBL201661	2	693	18	0	0.0	0.46034669876098633
254	CHEMBL202461-CHEMBL201661	2	693	18	0	0.0	0.4624955952167511
255	CHEMBL202462-CHEMBL201661	2	693	18	0	0.0	0.46199655532836914
256	CHEMBL383094-CHEMBL201661	2	693	18	0	0.0	0.4599510729312897
257	CHEMBL383491-CHEMBL201845	2	693	18	0	0.0	0.43510356545448303
258	CHEMBL369720-CHEMBL201905	2	693	18	1	0.0	0.43232250213623047
259	CHEMBL201905-CHEMBL382449	2	693	18	0	0.0	0.4306797981262207
260	CHEMBL435132-CHEMBL201905	2	693	18	0	0.0	0.43072080612182617
261	CHEMBL202150-CHEMBL202327	2	693	18	0	0.0	0.48971959948539734
262	CHEMBL202461-CHEMBL202150	2	693	18	0	0.0	0.4921345114707947
263	CHEMBL202462-CHEMBL202150	2	693	18	0	0.0	0.4914360046386719
264	CHEMBL232383-CHEMBL202238	2	693	18	0	0.0	0.4062439501285553
265	CHEMBL232583-CHEMBL202238	2	693	18	0	0.0	0.3815646767616272
266	CHEMBL232740-CHEMBL202238	2	693	18	0	0.0	0.4071037769317627
267	CHEMBL232937-CHEMBL202238	2	693	18	0	0.0	0.4062897562980652
268	CHEMBL233143-CHEMBL202238	2	693	18	0	0.0	0.4054844081401825
269	CHEMBL233368-CHEMBL202238	2	693	18	0	0.0	0.3812219798564911
270	CHEMBL382326-CHEMBL202238	2	693	18	0	0.0	0.3802686333656311
271	CHEMBL392266-CHEMBL202238	2	693	18	0	0.0	0.4070781171321869
272	CHEMBL392476-CHEMBL202238	2	693	18	0	0.0	0.40616264939308167
273	CHEMBL392477-CHEMBL202238	2	693	18	0	0.0	0.40571966767311096
274	CHEMBL392478-CHEMBL202238	2	693	18	0	0.0	0.38071662187576294
275	CHEMBL400436-CHEMBL202238	2	693	18	0	0.0	0.4073282778263092
276	CHEMBL426470-CHEMBL202238	2	693	18	0	0.0	0.4020138084888458
277	CHEMBL202238-CHEMBL436323	2	693	18	0	0.0	0.38245853781700134
278	CHEMBL369993-CHEMBL202267	2	693	18	0	0.0	0.4563368260860443
279	CHEMBL202461-CHEMBL202327	2	693	18	0	0.0	0.4910772442817688
280	CHEMBL202462-CHEMBL202327	2	693	18	0	0.0	0.49057725071907043
281	CHEMBL202461-CHEMBL202462	2	693	18	0	0.0	0.4930493235588074
282	CHEMBL202461-CHEMBL383094	2	693	18	0	0.0	0.4906574785709381
283	CHEMBL202462-CHEMBL383094	2	693	18	0	0.0	0.4901575446128845
284	CHEMBL203306-CHEMBL382932	2	693	18	0	0.0	0.4290073812007904
285	CHEMBL206044-CHEMBL210775	2	693	18	0	0.0	0.45957058668136597
286	CHEMBL2112342-CHEMBL2112343	2	693	18	0	0.0	0.45624518394470215
287	CHEMBL2112345-CHEMBL2112342	2	693	18	0	0.0	0.48634642362594604
288	CHEMBL2112342-CHEMBL2112347	2	693	18	0	0.0	0.45651015639305115
289	CHEMBL2112345-CHEMBL2112343	2	693	18	0	0.0	0.45757824182510376
290	CHEMBL2112343-CHEMBL2112347	2	693	18	0	0.0	0.42853689193725586
291	CHEMBL2112345-CHEMBL2112347	2	693	18	0	0.0	0.4579627513885498
292	CHEMBL2112345-CHEMBL330291	2	693	18	0	0.0	0.48333874344825745
293	CHEMBL2113295-CHEMBL2113296	2	693	18	0	0.0	0.4283505082130432
294	CHEMBL2113297-CHEMBL2113295	2	693	18	0	0.0	0.42810195684432983
295	CHEMBL2113299-CHEMBL2113295	2	693	18	0	0.0	0.4268735945224762
296	CHEMBL2113295-CHEMBL2113300	2	693	18	0	0.0	0.4269210398197174
297	CHEMBL2113295-CHEMBL2113301	2	693	18	0	0.0	0.4281656742095947
298	CHEMBL2113295-CHEMBL2113309	2	693	18	0	0.0	0.42938315868377686
299	CHEMBL2113295-CHEMBL2113310	2	693	18	0	0.0	0.4292357861995697
300	CHEMBL2113297-CHEMBL2113296	2	693	18	0	0.0	0.42830002307891846
301	CHEMBL2113299-CHEMBL2113296	2	693	18	0	0.0	0.42707186937332153
302	CHEMBL2113296-CHEMBL2113300	2	693	18	0	0.0	0.42711949348449707
303	CHEMBL2113296-CHEMBL2113301	2	693	18	0	0.0	0.4283638000488281
304	CHEMBL2113296-CHEMBL2113309	2	693	18	0	0.0	0.42957770824432373
305	CHEMBL2113296-CHEMBL2113310	2	693	18	0	0.0	0.4294302761554718
306	CHEMBL2113297-CHEMBL2113299	2	693	18	0	0.0	0.4268229305744171
307	CHEMBL2113297-CHEMBL2113300	2	693	18	0	0.0	0.42687031626701355
308	CHEMBL2113297-CHEMBL2113301	2	693	18	0	0.0	0.42811521887779236
309	CHEMBL2113297-CHEMBL2113309	2	693	18	0	0.0	0.4288747012615204
310	CHEMBL2113297-CHEMBL2113310	2	693	18	0	0.0	0.4287273585796356
311	CHEMBL2113299-CHEMBL2113300	2	693	18	0	0.0	0.4256359934806824
312	CHEMBL2113299-CHEMBL2113301	2	693	18	0	0.0	0.42688697576522827
313	CHEMBL2113299-CHEMBL2113309	2	693	18	0	0.0	0.42764633893966675
314	CHEMBL2113299-CHEMBL2113310	2	693	18	0	0.0	0.42798247933387756
315	CHEMBL2113301-CHEMBL2113300	2	693	18	0	0.0	0.4269343614578247
316	CHEMBL2113300-CHEMBL2113309	2	693	18	0	0.0	0.4276704490184784
317	CHEMBL2113300-CHEMBL2113310	2	693	18	0	0.0	0.4280059337615967
318	CHEMBL2113301-CHEMBL2113309	2	693	18	0	0.0	0.4289120137691498
319	CHEMBL2113301-CHEMBL2113310	2	693	18	0	0.0	0.429248571395874
320	CHEMBL2113303-CHEMBL2113304	2	693	18	0	0.0	0.4286876916885376
321	CHEMBL2113303-CHEMBL2113305	2	693	18	0	0.0	0.42888587713241577
322	CHEMBL2113306-CHEMBL2113303	2	693	18	0	0.0	0.4286372661590576
323	CHEMBL2113307-CHEMBL2113303	2	693	18	0	0.0	0.4288397431373596
324	CHEMBL2113308-CHEMBL2113303	2	693	18	0	0.0	0.4274088442325592
325	CHEMBL2113303-CHEMBL2113311	2	693	18	0	0.0	0.4299452304840088
326	CHEMBL2113304-CHEMBL2113305	2	693	18	0	0.0	0.42858681082725525
327	CHEMBL2113306-CHEMBL2113304	2	693	18	0	0.0	0.4283381998538971
328	CHEMBL2113307-CHEMBL2113304	2	693	18	0	0.0	0.42854073643684387
329	CHEMBL2113308-CHEMBL2113304	2	693	18	0	0.0	0.42711010575294495
330	CHEMBL2113304-CHEMBL2113311	2	693	18	0	0.0	0.429619699716568
331	CHEMBL2113306-CHEMBL2113305	2	693	18	0	0.0	0.4285363554954529
332	CHEMBL2113307-CHEMBL2113305	2	693	18	0	0.0	0.42873889207839966
333	CHEMBL2113308-CHEMBL2113305	2	693	18	0	0.0	0.4273080825805664
334	CHEMBL2113305-CHEMBL2113311	2	693	18	0	0.0	0.4298141896724701
335	CHEMBL2113306-CHEMBL2113307	2	693	18	0	0.0	0.42849022150039673
336	CHEMBL2113306-CHEMBL2113308	2	693	18	0	0.0	0.4270596504211426
337	CHEMBL2113306-CHEMBL2113311	2	693	18	0	0.0	0.42959514260292053
338	CHEMBL2113307-CHEMBL2113308	2	693	18	0	0.0	0.42726197838783264
339	CHEMBL2113307-CHEMBL2113311	2	693	18	0	0.0	0.42979779839515686
340	CHEMBL2113308-CHEMBL2113311	2	693	18	0	0.0	0.4283663034439087
341	CHEMBL2113310-CHEMBL2113309	2	693	18	0	0.0	0.4283125698566437
342	CHEMBL2113314-CHEMBL2113313	2	693	18	0	0.0	0.4276929497718811
343	CHEMBL232137-CHEMBL232548	2	693	18	0	0.0	0.4085713028907776
344	CHEMBL232137-CHEMBL392477	2	693	18	0	0.0	0.4051327705383301
345	CHEMBL232137-CHEMBL393965	2	693	18	0	0.0	0.4346946179866791
346	CHEMBL232383-CHEMBL232583	2	693	18	0	0.0	0.4099426567554474
347	CHEMBL232383-CHEMBL232740	2	693	18	0	0.0	0.4359171688556671
348	CHEMBL232383-CHEMBL232937	2	693	18	0	0.0	0.4350773096084595
349	CHEMBL232383-CHEMBL233143	2	693	18	0	0.0	0.4342675805091858
350	CHEMBL232383-CHEMBL233368	2	693	18	0	0.0	0.4095679521560669
351	CHEMBL232383-CHEMBL382326	2	693	18	0	0.0	0.40860792994499207
352	CHEMBL232383-CHEMBL392476	2	693	18	0	0.0	0.43634867668151855
353	CHEMBL232383-CHEMBL392478	2	693	18	0	0.0	0.40907323360443115
354	CHEMBL232383-CHEMBL400436	2	693	18	0	0.0	0.4361315369606018
355	CHEMBL232383-CHEMBL426470	2	693	18	0	0.0	0.4324699640274048
356	CHEMBL232383-CHEMBL436323	2	693	18	0	0.0	0.41238537430763245
357	CHEMBL232548-CHEMBL232583	2	693	18	0	0.0	0.37971487641334534
358	CHEMBL393965-CHEMBL232548	2	693	18	0	0.0	0.40860649943351746
359	CHEMBL232740-CHEMBL232583	2	693	18	0	0.0	0.40940800309181213
360	CHEMBL232937-CHEMBL232583	2	693	18	0	0.0	0.4086000919342041
361	CHEMBL233143-CHEMBL232583	2	693	18	0	0.0	0.40772709250450134
362	CHEMBL233368-CHEMBL232583	2	693	18	0	0.0	0.3834288716316223
363	CHEMBL382326-CHEMBL232583	2	693	18	0	0.0	0.3825617730617523
364	CHEMBL392266-CHEMBL232583	2	693	18	0	0.0	0.409323513507843
365	CHEMBL392476-CHEMBL232583	2	693	18	0	0.0	0.4098639190196991
366	CHEMBL392477-CHEMBL232583	2	693	18	0	0.0	0.409423828125
367	CHEMBL392478-CHEMBL232583	2	693	18	0	0.0	0.3829418122768402
368	CHEMBL400436-CHEMBL232583	2	693	18	0	0.0	0.4095968008041382
369	CHEMBL426470-CHEMBL232583	2	693	18	0	0.0	0.40570375323295593
370	CHEMBL232740-CHEMBL232937	2	693	18	0	0.0	0.43712860345840454
371	CHEMBL233143-CHEMBL232740	2	693	18	0	0.0	0.4363081157207489
372	CHEMBL232740-CHEMBL233368	2	693	18	0	0.0	0.41144850850105286
373	CHEMBL382326-CHEMBL232740	2	693	18	0	0.0	0.4102112352848053
374	CHEMBL391623-CHEMBL232740	2	693	18	0	0.0	0.40574532747268677
375	CHEMBL392266-CHEMBL232740	2	693	18	0	0.0	0.43794935941696167
376	CHEMBL392476-CHEMBL232740	2	693	18	0	0.0	0.43583378195762634
377	CHEMBL392477-CHEMBL232740	2	693	18	0	0.0	0.435395747423172
378	CHEMBL232740-CHEMBL392478	2	693	18	0	0.0	0.40848875045776367
379	CHEMBL393965-CHEMBL232740	2	693	18	0	0.0	0.40511971712112427
380	CHEMBL400436-CHEMBL232740	2	693	18	0	0.0	0.4381629228591919
381	CHEMBL426470-CHEMBL232740	2	693	18	0	0.0	0.4343978464603424
382	CHEMBL233143-CHEMBL232937	2	693	18	0	0.0	0.43552541732788086
383	CHEMBL232937-CHEMBL233368	2	693	18	0	0.0	0.41061931848526
384	CHEMBL382326-CHEMBL232937	2	693	18	0	0.0	0.40938031673431396
385	CHEMBL392266-CHEMBL232937	2	693	18	0	0.0	0.4371410012245178
386	CHEMBL392476-CHEMBL232937	2	693	18	0	0.0	0.4350225627422333
387	CHEMBL392477-CHEMBL232937	2	693	18	0	0.0	0.43458470702171326
388	CHEMBL232937-CHEMBL392478	2	693	18	0	0.0	0.4076693058013916
389	CHEMBL400436-CHEMBL232937	2	693	18	0	0.0	0.43732157349586487
390	CHEMBL426470-CHEMBL232937	2	693	18	0	0.0	0.43355780839920044
391	CHEMBL233143-CHEMBL233368	2	693	18	0	0.0	0.4098019301891327
392	CHEMBL382326-CHEMBL233143	2	693	18	0	0.0	0.4088442623615265
393	CHEMBL392266-CHEMBL233143	2	693	18	0	0.0	0.4363500475883484
394	CHEMBL392476-CHEMBL233143	2	693	18	0	0.0	0.4342181384563446
395	CHEMBL392477-CHEMBL233143	2	693	18	0	0.0	0.4337853193283081
396	CHEMBL233143-CHEMBL392478	2	693	18	0	0.0	0.4068630635738373
397	CHEMBL400436-CHEMBL233143	2	693	18	0	0.0	0.4365388751029968
398	CHEMBL426470-CHEMBL233143	2	693	18	0	0.0	0.43279698491096497
399	CHEMBL382326-CHEMBL233368	2	693	18	0	0.0	0.384485125541687
400	CHEMBL392266-CHEMBL233368	2	693	18	0	0.0	0.41143640875816345
401	CHEMBL392476-CHEMBL233368	2	693	18	0	0.0	0.40947267413139343
402	CHEMBL392477-CHEMBL233368	2	693	18	0	0.0	0.4090348482131958
403	CHEMBL233368-CHEMBL392478	2	693	18	0	0.0	0.382575660943985
404	CHEMBL400436-CHEMBL233368	2	693	18	0	0.0	0.4116445481777191
405	CHEMBL426470-CHEMBL233368	2	693	18	0	0.0	0.40802979469299316
406	CHEMBL391623-CHEMBL233570	2	693	18	0	0.0	0.4053487479686737
407	CHEMBL2381589-CHEMBL2380325	2	693	18	0	0.0	0.49672210216522217
408	CHEMBL2381590-CHEMBL2380325	2	693	18	0	0.0	0.4975073039531708
409	CHEMBL2381594-CHEMBL2380325	2	693	18	0	0.0	0.49667268991470337
410	CHEMBL2380325-CHEMBL2381595	2	693	18	0	0.0	0.4704338610172272
411	CHEMBL360404-CHEMBL2380325	2	693	18	0	0.0	0.4980026185512543
412	CHEMBL2380325-CHEMBL363324	2	693	18	0	0.0	0.47084417939186096
413	CHEMBL2380325-CHEMBL4464797	2	693	18	1	0.0	0.49886637926101685
414	CHEMBL2381585-CHEMBL2381587	2	693	18	0	0.0	0.49811527132987976
415	CHEMBL2381585-CHEMBL2381590	2	693	18	1	0.0	0.49844393134117126
416	CHEMBL2381593-CHEMBL2381585	2	693	18	0	0.0	0.49800780415534973
417	CHEMBL2381585-CHEMBL2381595	2	693	18	1	0.0	0.47121790051460266
418	CHEMBL2381585-CHEMBL363324	2	693	18	0	0.0	0.4715905785560608
419	CHEMBL370912-CHEMBL2381585	2	693	18	0	0.0	0.49910396337509155
420	CHEMBL2381587-CHEMBL2381589	2	693	18	0	0.0	0.4976489841938019
421	CHEMBL2381590-CHEMBL2381587	2	693	18	1	0.0	0.49843600392341614
422	CHEMBL2381593-CHEMBL2381587	2	693	18	0	0.0	0.49799901247024536
423	CHEMBL2381587-CHEMBL363324	2	693	18	0	0.0	0.4715641140937805
424	CHEMBL370912-CHEMBL2381587	2	693	18	0	0.0	0.49909457564353943
425	CHEMBL2381593-CHEMBL2381589	2	693	18	0	0.0	0.49754413962364197
426	CHEMBL2381594-CHEMBL2381589	2	693	18	0	0.0	0.4971347451210022
427	CHEMBL2381589-CHEMBL2381595	2	693	18	0	0.0	0.47080671787261963
428	CHEMBL360404-CHEMBL2381589	2	693	18	0	0.0	0.49842071533203125
429	CHEMBL2381589-CHEMBL363324	2	693	18	0	0.0	0.47123992443084717
430	CHEMBL370912-CHEMBL2381589	2	693	18	0	0.0	0.4986831247806549
431	CHEMBL2381589-CHEMBL4464797	2	693	18	1	0.0	0.4993355870246887
432	CHEMBL2381593-CHEMBL2381590	2	693	18	1	0.0	0.4983295798301697
433	CHEMBL2381594-CHEMBL2381590	2	693	18	0	0.0	0.497924268245697
434	CHEMBL2381590-CHEMBL2381595	2	693	18	0	0.0	0.4714840352535248
435	CHEMBL360404-CHEMBL2381590	2	693	18	0	0.0	0.4992580711841583
436	CHEMBL370912-CHEMBL2381590	2	693	18	1	0.0	0.4994713366031647
437	CHEMBL2381590-CHEMBL4464797	2	693	18	1	1.0	0.5001237988471985
438	CHEMBL2381593-CHEMBL363324	2	693	18	0	0.0	0.47153258323669434
439	CHEMBL370912-CHEMBL2381593	2	693	18	0	0.0	0.4989902079105377
440	CHEMBL2381594-CHEMBL2381595	2	693	18	0	0.0	0.4708566963672638
441	CHEMBL360404-CHEMBL2381594	2	693	18	0	0.0	0.498367577791214
442	CHEMBL2381594-CHEMBL363324	2	693	18	0	0.0	0.47129055857658386
443	CHEMBL2381594-CHEMBL4464797	2	693	18	1	0.0	0.4992877244949341
444	CHEMBL360404-CHEMBL2381595	2	693	18	0	0.0	0.4718416631221771
445	CHEMBL4464797-CHEMBL2381595	2	693	18	1	0.0	0.47220104932785034
446	CHEMBL2397016_CHEMBL3086750-CHEMBL2397015_CHEMBL3086749	2	693	18	0	0.0	0.4039976894855499
447	CHEMBL2397017_CHEMBL3086751-CHEMBL2397015_CHEMBL3086749	2	693	18	0	0.0	0.40391507744789124
448	CHEMBL2397018_CHEMBL3086752-CHEMBL2397015_CHEMBL3086749	2	693	18	0	0.0	0.4040260314941406
449	CHEMBL2397015_CHEMBL3086749-CHEMBL2397020_CHEMBL3086746	2	693	18	0	0.0	0.4307475686073303
450	CHEMBL2397015_CHEMBL3086749-CHEMBL2397022_CHEMBL3086748	2	693	18	0	0.0	0.4308827519416809
451	CHEMBL2397016_CHEMBL3086750-CHEMBL2397017_CHEMBL3086751	2	693	18	0	0.0	0.37681862711906433
452	CHEMBL2397016_CHEMBL3086750-CHEMBL2397018_CHEMBL3086752	2	693	18	0	0.0	0.3769209086894989
453	CHEMBL2397016_CHEMBL3086750-CHEMBL2397020_CHEMBL3086746	2	693	18	0	0.0	0.40299805998802185
454	CHEMBL2397016_CHEMBL3086750-CHEMBL2397022_CHEMBL3086748	2	693	18	0	0.0	0.4031299650669098
455	CHEMBL2397018_CHEMBL3086752-CHEMBL2397017_CHEMBL3086751	2	693	18	0	0.0	0.37684011459350586
456	CHEMBL2397017_CHEMBL3086751-CHEMBL2397020_CHEMBL3086746	2	693	18	0	0.0	0.4029155671596527
457	CHEMBL2397017_CHEMBL3086751-CHEMBL2397022_CHEMBL3086748	2	693	18	0	0.0	0.40304747223854065
458	CHEMBL2397018_CHEMBL3086752-CHEMBL2397020_CHEMBL3086746	2	693	18	0	0.0	0.40302038192749023
459	CHEMBL2397018_CHEMBL3086752-CHEMBL2397022_CHEMBL3086748	2	693	18	0	0.0	0.40315231680870056
460	CHEMBL2397020_CHEMBL3086746-CHEMBL2397022_CHEMBL3086748	2	693	18	0	0.0	0.4298476576805115
461	CHEMBL270401-CHEMBL256010	2	693	18	0	0.0	0.4315078854560852
462	CHEMBL256010-CHEMBL403190	2	693	18	0	0.0	0.4068431854248047
463	CHEMBL437983-CHEMBL256010	2	693	18	0	0.0	0.4323870837688446
464	CHEMBL270401-CHEMBL403190	2	693	18	0	0.0	0.43189507722854614
465	CHEMBL270401-CHEMBL437983	2	693	18	0	0.0	0.4593583345413208
466	CHEMBL306150-CHEMBL308522	2	693	18	0	0.0	0.4009736478328705
467	CHEMBL306150-CHEMBL312021	2	693	18	0	0.0	0.4011649489402771
468	CHEMBL306150-CHEMBL419272	2	693	18	0	0.0	0.40088966488838196
469	CHEMBL306150-CHEMBL431002	2	693	18	0	0.0	0.40130117535591125
470	CHEMBL75676-CHEMBL306150	2	693	18	0	0.0	0.4009999632835388
471	CHEMBL77324-CHEMBL306150	2	693	18	0	0.0	0.4011913537979126
472	CHEMBL306150-CHEMBL78156	2	693	18	0	0.0	0.40122419595718384
473	CHEMBL308522-CHEMBL312021	2	693	18	0	0.0	0.40087565779685974
474	CHEMBL419272-CHEMBL308522	2	693	18	0	0.0	0.4006135165691376
475	CHEMBL308522-CHEMBL431002	2	693	18	0	0.0	0.4010249078273773
476	CHEMBL77324-CHEMBL308522	2	693	18	0	0.0	0.40091508626937866
477	CHEMBL308522-CHEMBL78156	2	693	18	0	0.0	0.4009363055229187
478	CHEMBL419272-CHEMBL312021	2	693	18	0	0.0	0.4008047878742218
479	CHEMBL312021-CHEMBL431002	2	693	18	0	0.0	0.4012162983417511
480	CHEMBL75676-CHEMBL312021	2	693	18	0	0.0	0.4009150564670563
481	CHEMBL77324-CHEMBL312021	2	693	18	0	0.0	0.40110641717910767
482	CHEMBL312021-CHEMBL78156	2	693	18	0	0.0	0.4011262357234955
483	CHEMBL3287467-CHEMBL3287469	2	693	18	0	0.0	0.40088987350463867
484	CHEMBL3287470-CHEMBL3287467	2	693	18	0	0.0	0.427784264087677
485	CHEMBL3287468-CHEMBL3287469	2	693	18	0	0.0	0.4003629684448242
486	CHEMBL3287470-CHEMBL3287468	2	693	18	0	0.0	0.4277018904685974
487	CHEMBL3287470-CHEMBL3287469	2	693	18	0	0.0	0.402078777551651
488	CHEMBL360404-CHEMBL363324	2	693	18	0	0.0	0.4722210168838501
489	CHEMBL360404-CHEMBL4464797	2	693	18	1	1.0	0.5005682706832886
490	CHEMBL363822-CHEMBL362741	2	693	18	0	0.0	0.4561033844947815
491	CHEMBL362741-CHEMBL370538	2	693	18	0	0.0	0.4320649206638336
492	CHEMBL425897-CHEMBL362741	2	693	18	0	0.0	0.45708248019218445
493	CHEMBL447185-CHEMBL362741	2	693	18	0	0.0	0.45678555965423584
494	CHEMBL370912-CHEMBL363324	2	693	18	0	0.0	0.47223156690597534
495	CHEMBL363822-CHEMBL370538	2	693	18	0	0.0	0.43247082829475403
496	CHEMBL425897-CHEMBL363822	2	693	18	0	0.0	0.457485556602478
497	CHEMBL447185-CHEMBL363822	2	693	18	0	0.0	0.45718881487846375
498	CHEMBL369720-CHEMBL382449	2	693	18	1	0.0	0.4307281970977783
499	CHEMBL369720-CHEMBL435132	2	693	18	1	0.0	0.43075424432754517
500	CHEMBL425897-CHEMBL370538	2	693	18	0	0.0	0.4334590435028076
501	CHEMBL447185-CHEMBL370538	2	693	18	0	0.0	0.43335407972335815
502	CHEMBL382326-CHEMBL392266	2	693	18	0	0.0	0.4104410707950592
503	CHEMBL392476-CHEMBL382326	2	693	18	0	0.0	0.40852704644203186
504	CHEMBL392477-CHEMBL382326	2	693	18	0	0.0	0.40808963775634766
505	CHEMBL382326-CHEMBL392478	2	693	18	0	0.0	0.3816380798816681
506	CHEMBL382326-CHEMBL400436	2	693	18	0	0.0	0.41042500734329224
507	CHEMBL426470-CHEMBL382326	2	693	18	0	0.0	0.40674665570259094
508	CHEMBL382932-CHEMBL382449	2	693	18	0	0.0	0.43106165528297424
509	CHEMBL435132-CHEMBL382449	2	693	18	0	0.0	0.42913445830345154
510	CHEMBL382932-CHEMBL435132	2	693	18	0	0.0	0.4310983419418335
511	CHEMBL393965-CHEMBL391623	2	693	18	0	0.0	0.4049917161464691
512	CHEMBL392476-CHEMBL392266	2	693	18	0	0.0	0.4358460307121277
513	CHEMBL392477-CHEMBL392266	2	693	18	0	0.0	0.43540796637535095
514	CHEMBL392266-CHEMBL392478	2	693	18	0	0.0	0.4084583818912506
515	CHEMBL392266-CHEMBL400436	2	693	18	0	0.0	0.4381753206253052
516	CHEMBL392476-CHEMBL392477	2	693	18	0	0.0	0.4358203709125519
517	CHEMBL392476-CHEMBL392478	2	693	18	0	0.0	0.40899458527565
518	CHEMBL392476-CHEMBL400436	2	693	18	0	0.0	0.43607425689697266
519	CHEMBL392476-CHEMBL426470	2	693	18	0	0.0	0.43203502893447876
520	CHEMBL392476-CHEMBL436323	2	693	18	0	0.0	0.412320077419281
521	CHEMBL392477-CHEMBL392478	2	693	18	0	0.0	0.4085547626018524
522	CHEMBL392477-CHEMBL400436	2	693	18	0	0.0	0.43563616275787354
523	CHEMBL392477-CHEMBL426470	2	693	18	0	0.0	0.43156898021698
524	CHEMBL392477-CHEMBL436323	2	693	18	0	0.0	0.4118557274341583
525	CHEMBL400436-CHEMBL392478	2	693	18	0	0.0	0.4087088108062744
526	CHEMBL426470-CHEMBL392478	2	693	18	0	0.0	0.40484434366226196
527	CHEMBL392478-CHEMBL436323	2	693	18	0	0.0	0.3854008913040161
528	CHEMBL426470-CHEMBL400436	2	693	18	0	0.0	0.4346751570701599
529	CHEMBL437983-CHEMBL403190	2	693	18	0	0.0	0.4327908754348755
530	CHEMBL419272-CHEMBL431002	2	693	18	0	0.0	0.4009532630443573
531	CHEMBL75676-CHEMBL419272	2	693	18	0	0.0	0.40065211057662964
532	CHEMBL77324-CHEMBL419272	2	693	18	0	0.0	0.40084344148635864
533	CHEMBL419272-CHEMBL78156	2	693	18	0	0.0	0.40086403489112854
534	CHEMBL425897-CHEMBL447185	2	693	18	0	0.0	0.4581679403781891
535	CHEMBL426470-CHEMBL436323	2	693	18	0	0.0	0.40847915410995483
536	CHEMBL75676-CHEMBL431002	2	693	18	0	0.0	0.4009567201137543
537	CHEMBL77324-CHEMBL431002	2	693	18	0	0.0	0.40124279260635376
538	CHEMBL4572614-CHEMBL4469848	2	693	18	0	0.0	0.33984261751174927
539	CHEMBL568818-CHEMBL567604	2	693	18	0	0.0	0.408302366733551
540	CHEMBL569006-CHEMBL567604	2	693	18	0	0.0	0.40278422832489014
541	CHEMBL569316-CHEMBL567604	2	693	18	0	0.0	0.4019399881362915
542	CHEMBL569529-CHEMBL567604	2	693	18	0	0.0	0.40206605195999146
543	CHEMBL569728-CHEMBL567604	2	693	18	0	0.0	0.4028550982475281
544	CHEMBL569755-CHEMBL567604	2	693	18	0	0.0	0.4029395282268524
545	CHEMBL569956-CHEMBL567604	2	693	18	0	0.0	0.40530189871788025
546	CHEMBL570000-CHEMBL567604	2	693	18	0	0.0	0.4083395004272461
547	CHEMBL570233-CHEMBL567604	2	693	18	0	0.0	0.4275263845920563
548	CHEMBL571324-CHEMBL567604	2	693	18	0	0.0	0.430207222700119
549	CHEMBL572669-CHEMBL567604	2	693	18	0	0.0	0.402038037776947
550	CHEMBL573757-CHEMBL567604	2	693	18	0	0.0	0.401591032743454
551	CHEMBL574640-CHEMBL567604	2	693	18	0	0.0	0.4001868665218353
552	CHEMBL575926-CHEMBL567604	2	693	18	0	0.0	0.40150436758995056
553	CHEMBL576267-CHEMBL567604	2	693	18	0	0.0	0.4028182029724121
554	CHEMBL577356-CHEMBL567604	2	693	18	0	0.0	0.40123268961906433
555	CHEMBL577359-CHEMBL567604	2	693	18	0	0.0	0.4004001021385193
556	CHEMBL577615-CHEMBL567604	2	693	18	0	0.0	0.4013155698776245
557	CHEMBL577786-CHEMBL567604	2	693	18	0	0.0	0.40135523676872253
558	CHEMBL583331-CHEMBL567604	2	693	18	0	0.0	0.39952221512794495
559	CHEMBL584727-CHEMBL567604	2	693	18	0	0.0	0.40542733669281006
560	CHEMBL584941-CHEMBL567604	2	693	18	0	0.0	0.40717729926109314
561	CHEMBL585900-CHEMBL567604	2	693	18	0	0.0	0.4290097653865814
562	CHEMBL569728-CHEMBL568818	2	693	18	0	0.0	0.40760424733161926
563	CHEMBL569755-CHEMBL568818	2	693	18	0	0.0	0.4079754948616028
564	CHEMBL569956-CHEMBL568818	2	693	18	0	0.0	0.4103471338748932
565	CHEMBL570000-CHEMBL568818	2	693	18	0	0.0	0.413115918636322
566	CHEMBL570233-CHEMBL568818	2	693	18	0	0.0	0.43245258927345276
567	CHEMBL571324-CHEMBL568818	2	693	18	0	0.0	0.4353885352611542
568	CHEMBL576267-CHEMBL568818	2	693	18	0	0.0	0.40785372257232666
569	CHEMBL568818-CHEMBL584941	2	693	18	0	0.0	0.4119454622268677
570	CHEMBL585900-CHEMBL568818	2	693	18	0	0.0	0.4339205324649811
571	CHEMBL569006-CHEMBL569316	2	693	18	0	0.0	0.4017461836338043
572	CHEMBL569006-CHEMBL569529	2	693	18	0	0.0	0.4018722474575043
573	CHEMBL569728-CHEMBL569006	2	693	18	0	0.0	0.40237438678741455
574	CHEMBL569006-CHEMBL569755	2	693	18	0	0.0	0.4027440547943115
575	CHEMBL569956-CHEMBL569006	2	693	18	0	0.0	0.40510210394859314
576	CHEMBL569006-CHEMBL570000	2	693	18	0	0.0	0.40785664319992065
577	CHEMBL570233-CHEMBL569006	2	693	18	0	0.0	0.42704182863235474
578	CHEMBL571324-CHEMBL569006	2	693	18	0	0.0	0.4301619827747345
579	CHEMBL569006-CHEMBL576267	2	693	18	0	0.0	0.4026205241680145
580	CHEMBL584727-CHEMBL569006	2	693	18	0	0.0	0.4052329957485199
581	CHEMBL569006-CHEMBL584941	2	693	18	0	0.0	0.4066949188709259
582	CHEMBL585900-CHEMBL569006	2	693	18	0	0.0	0.42852482199668884
583	CHEMBL569084-CHEMBL569704	2	693	18	0	0.0	0.4077369272708893
584	CHEMBL569084-CHEMBL569945	2	693	18	0	0.0	0.4066137671470642
585	CHEMBL569084-CHEMBL570446	2	693	18	0	0.0	0.40778282284736633
586	CHEMBL569084-CHEMBL570645	2	693	18	0	0.0	0.40643933415412903
587	CHEMBL569316-CHEMBL569529	2	693	18	0	0.0	0.4010242819786072
588	CHEMBL569728-CHEMBL569316	2	693	18	0	0.0	0.40153050422668457
589	CHEMBL569755-CHEMBL569316	2	693	18	0	0.0	0.40189993381500244
590	CHEMBL569956-CHEMBL569316	2	693	18	0	0.0	0.40425634384155273
591	CHEMBL569316-CHEMBL570000	2	693	18	0	0.0	0.4070091247558594
592	CHEMBL570233-CHEMBL569316	2	693	18	0	0.0	0.4261831045150757
593	CHEMBL571324-CHEMBL569316	2	693	18	0	0.0	0.4293016791343689
594	CHEMBL576267-CHEMBL569316	2	693	18	0	0.0	0.4017764925956726
595	CHEMBL584727-CHEMBL569316	2	693	18	0	0.0	0.4043809175491333
596	CHEMBL569316-CHEMBL584941	2	693	18	0	0.0	0.40584808588027954
597	CHEMBL585900-CHEMBL569316	2	693	18	0	0.0	0.42766526341438293
598	CHEMBL569728-CHEMBL569529	2	693	18	0	0.0	0.40165653824806213
599	CHEMBL569755-CHEMBL569529	2	693	18	0	0.0	0.4020259976387024
600	CHEMBL569956-CHEMBL569529	2	693	18	0	0.0	0.4043826460838318
601	CHEMBL570233-CHEMBL569529	2	693	18	0	0.0	0.42631080746650696
602	CHEMBL571324-CHEMBL569529	2	693	18	0	0.0	0.4294296205043793
603	CHEMBL576267-CHEMBL569529	2	693	18	0	0.0	0.40190255641937256
604	CHEMBL584727-CHEMBL569529	2	693	18	0	0.0	0.40450724959373474
605	CHEMBL569529-CHEMBL584941	2	693	18	0	0.0	0.40597453713417053
606	CHEMBL585900-CHEMBL569529	2	693	18	0	0.0	0.42779311537742615
607	CHEMBL569704-CHEMBL569945	2	693	18	0	0.0	0.4117029011249542
608	CHEMBL570446-CHEMBL569704	2	693	18	0	0.0	0.4128779172897339
609	CHEMBL570645-CHEMBL569704	2	693	18	0	0.0	0.4115292727947235
610	CHEMBL569728-CHEMBL569755	2	693	18	0	0.0	0.40252965688705444
611	CHEMBL569956-CHEMBL569728	2	693	18	0	0.0	0.4048912823200226
612	CHEMBL569728-CHEMBL570000	2	693	18	0	0.0	0.4076414108276367
613	CHEMBL570233-CHEMBL569728	2	693	18	0	0.0	0.4267893135547638
614	CHEMBL571324-CHEMBL569728	2	693	18	0	0.0	0.4297884702682495
615	CHEMBL569728-CHEMBL576267	2	693	18	0	0.0	0.4024084508419037
616	CHEMBL584727-CHEMBL569728	2	693	18	0	0.0	0.4050166606903076
617	CHEMBL569728-CHEMBL584941	2	693	18	0	0.0	0.4064798057079315
618	CHEMBL585900-CHEMBL569728	2	693	18	0	0.0	0.42830944061279297
619	CHEMBL569956-CHEMBL569755	2	693	18	0	0.0	0.40526172518730164
620	CHEMBL569755-CHEMBL570000	2	693	18	0	0.0	0.40801262855529785
621	CHEMBL570233-CHEMBL569755	2	693	18	0	0.0	0.42719659209251404
622	CHEMBL571324-CHEMBL569755	2	693	18	0	0.0	0.4301590025424957
623	CHEMBL569755-CHEMBL576267	2	693	18	0	0.0	0.40277814865112305
624	CHEMBL584727-CHEMBL569755	2	693	18	0	0.0	0.40538713335990906
625	CHEMBL569755-CHEMBL584941	2	693	18	0	0.0	0.406850665807724
626	CHEMBL585900-CHEMBL569755	2	693	18	0	0.0	0.4286796748638153
627	CHEMBL570446-CHEMBL569945	2	693	18	0	0.0	0.4117489755153656
628	CHEMBL570645-CHEMBL569945	2	693	18	0	0.0	0.41040149331092834
629	CHEMBL569956-CHEMBL570000	2	693	18	0	0.0	0.41038429737091064
630	CHEMBL570233-CHEMBL569956	2	693	18	0	0.0	0.4295869469642639
631	CHEMBL571324-CHEMBL569956	2	693	18	0	0.0	0.4327116310596466
632	CHEMBL569956-CHEMBL576267	2	693	18	0	0.0	0.40513795614242554
633	CHEMBL569956-CHEMBL584727	2	693	18	0	0.0	0.40775007009506226
634	CHEMBL569956-CHEMBL584941	2	693	18	0	0.0	0.40922027826309204
635	CHEMBL585900-CHEMBL569956	2	693	18	0	0.0	0.4310721158981323
636	CHEMBL570233-CHEMBL570000	2	693	18	0	0.0	0.4324973523616791
637	CHEMBL571324-CHEMBL570000	2	693	18	0	0.0	0.43543335795402527
638	CHEMBL576267-CHEMBL570000	2	693	18	0	0.0	0.40789085626602173
639	CHEMBL584727-CHEMBL570000	2	693	18	0	0.0	0.41051018238067627
640	CHEMBL570000-CHEMBL584941	2	693	18	0	0.0	0.4119827151298523
641	CHEMBL585900-CHEMBL570000	2	693	18	0	0.0	0.4339653253555298
642	CHEMBL571324-CHEMBL570233	2	693	18	0	0.0	0.4564726948738098
643	CHEMBL570233-CHEMBL576267	2	693	18	0	0.0	0.42707765102386475
644	CHEMBL570233-CHEMBL584727	2	693	18	0	0.0	0.4297136068344116
645	CHEMBL570233-CHEMBL584941	2	693	18	0	0.0	0.4312188923358917
646	CHEMBL585900-CHEMBL570233	2	693	18	0	0.0	0.4550493359565735
647	CHEMBL570446-CHEMBL570645	2	693	18	0	0.0	0.41156086325645447
648	CHEMBL571324-CHEMBL576267	2	693	18	0	0.0	0.4301978349685669
649	CHEMBL571324-CHEMBL584727	2	693	18	0	0.0	0.43283846974372864
650	CHEMBL571324-CHEMBL584941	2	693	18	0	0.0	0.43416160345077515
651	CHEMBL571324-CHEMBL585900	2	693	18	0	0.0	0.4579348564147949
652	CHEMBL572669-CHEMBL573757	2	693	18	0	0.0	0.4015033543109894
653	CHEMBL572669-CHEMBL574640	2	693	18	0	0.0	0.4000905156135559
654	CHEMBL575926-CHEMBL572669	2	693	18	0	0.0	0.40140968561172485
655	CHEMBL572669-CHEMBL577356	2	693	18	0	0.0	0.40113845467567444
656	CHEMBL572669-CHEMBL577359	2	693	18	0	0.0	0.40030425786972046
657	CHEMBL577615-CHEMBL572669	2	693	18	0	0.0	0.40121912956237793
658	CHEMBL577786-CHEMBL572669	2	693	18	0	0.0	0.4012605845928192
659	CHEMBL572669-CHEMBL583331	2	693	18	0	0.0	0.399426132440567
660	CHEMBL575926-CHEMBL573757	2	693	18	0	0.0	0.40096989274024963
661	CHEMBL577356-CHEMBL573757	2	693	18	0	0.0	0.40069815516471863
662	CHEMBL577359-CHEMBL573757	2	693	18	0	0.0	0.39986538887023926
663	CHEMBL577615-CHEMBL573757	2	693	18	0	0.0	0.4007798731327057
664	CHEMBL577786-CHEMBL573757	2	693	18	0	0.0	0.40082088112831116
665	CHEMBL575926-CHEMBL574640	2	693	18	0	0.0	0.3995576798915863
666	CHEMBL577356-CHEMBL574640	2	693	18	0	0.0	0.3992879092693329
667	CHEMBL577359-CHEMBL574640	2	693	18	0	0.0	0.3984552323818207
668	CHEMBL577615-CHEMBL574640	2	693	18	0	0.0	0.39936718344688416
669	CHEMBL574640-CHEMBL583331	2	693	18	0	0.0	0.4299769103527069
670	CHEMBL575926-CHEMBL577356	2	693	18	0	0.0	0.40060511231422424
671	CHEMBL575926-CHEMBL577359	2	693	18	0	0.0	0.3997713327407837
672	CHEMBL577615-CHEMBL575926	2	693	18	0	0.0	0.4321833550930023
673	CHEMBL577786-CHEMBL575926	2	693	18	0	0.0	0.4007275700569153
674	CHEMBL575926-CHEMBL583331	2	693	18	0	0.0	0.3988935947418213
675	CHEMBL584727-CHEMBL576267	2	693	18	0	0.0	0.40526333451271057
676	CHEMBL576267-CHEMBL584941	2	693	18	0	0.0	0.4067290723323822
677	CHEMBL585900-CHEMBL576267	2	693	18	0	0.0	0.42856061458587646
678	CHEMBL577356-CHEMBL577359	2	693	18	0	0.0	0.4302757680416107
679	CHEMBL577615-CHEMBL577356	2	693	18	0	0.0	0.4004157781600952
680	CHEMBL577786-CHEMBL577356	2	693	18	0	0.0	0.40045616030693054
681	CHEMBL577356-CHEMBL583331	2	693	18	0	0.0	0.3986244797706604
682	CHEMBL577615-CHEMBL577359	2	693	18	0	0.0	0.39958229660987854
683	CHEMBL577786-CHEMBL577359	2	693	18	0	0.0	0.39962247014045715
684	CHEMBL577359-CHEMBL583331	2	693	18	0	0.0	0.39779210090637207
685	CHEMBL577786-CHEMBL577615	2	693	18	0	0.0	0.40053674578666687
686	CHEMBL577615-CHEMBL583331	2	693	18	0	0.0	0.39870500564575195
687	CHEMBL577786-CHEMBL583331	2	693	18	0	0.0	0.3987448811531067
688	CHEMBL584727-CHEMBL584941	2	693	18	0	0.0	0.4093461036682129
689	CHEMBL585900-CHEMBL584727	2	693	18	0	0.0	0.4311988055706024
690	CHEMBL585900-CHEMBL584941	2	693	18	0	0.0	0.43268582224845886
691	CHEMBL75676-CHEMBL77324	2	693	18	0	0.0	0.40094155073165894
692	CHEMBL77324-CHEMBL78156	2	693	18	0	0.0	0.4011656939983368
