	ids	loop	#tr	#ac_tr	trueY	predY	prob
0	CHEMBL1090030_CHEMBL1091073-CHEMBL1093729_CHEMBL1094036	0	198	99	0	1.0	0.7957426905632019
1	CHEMBL3342247-CHEMBL1090030_CHEMBL1091073	0	198	99	0	0.0	0.4300486445426941
2	CHEMBL3342253-CHEMBL1090030_CHEMBL1091073	0	198	99	0	1.0	0.5561396479606628
3	CHEMBL3342248-CHEMBL1093729_CHEMBL1094036	0	198	99	0	0.0	0.487648069858551
4	CHEMBL1240572-CHEMBL2208439	0	198	99	0	1.0	0.5151747465133667
5	CHEMBL1240574-CHEMBL2208439	0	198	99	0	1.0	0.5641269087791443
6	CHEMBL1288594-CHEMBL1288595	0	198	99	0	0.0	0.33393946290016174
7	CHEMBL1288594-CHEMBL1288620	0	198	99	0	0.0	0.3007476031780243
8	CHEMBL1288594-CHEMBL1290111	0	198	99	0	0.0	0.10050313919782639
9	CHEMBL1288595-CHEMBL1288596	0	198	99	0	0.0	0.33825087547302246
10	CHEMBL1288596-CHEMBL1288620	0	198	99	0	0.0	0.38826707005500793
11	CHEMBL1288596-CHEMBL1290111	0	198	99	0	1.0	0.6647673845291138
12	CHEMBL2333966-CHEMBL1338403	0	198	99	0	1.0	0.5565318465232849
13	CHEMBL3402961-CHEMBL1338403	0	198	99	0	1.0	0.5360850691795349
14	CHEMBL4168368-CHEMBL1441824	0	198	99	0	0.0	0.20381055772304535
15	CHEMBL4168368-CHEMBL1466024	0	198	99	0	0.0	0.2399618923664093
16	CHEMBL361191-CHEMBL148680	0	198	99	0	1.0	0.5233073234558105
17	CHEMBL1593568_CHEMBL419-CHEMBL4558023	0	198	99	1	1.0	0.6008809208869934
18	CHEMBL1688312-CHEMBL1688306_CHEMBL1688309_CHEMBL1688310	0	198	99	0	1.0	0.7893413305282593
19	CHEMBL1813210-CHEMBL1738792	0	198	99	0	1.0	0.591011106967926
20	CHEMBL1738792-CHEMBL3120749	0	198	99	0	1.0	0.5062451958656311
21	CHEMBL180323-CHEMBL217569	0	198	99	0	0.0	0.49665626883506775
22	CHEMBL386542-CHEMBL180323	0	198	99	0	0.0	0.47824910283088684
23	CHEMBL1813209-CHEMBL1813210	0	198	99	0	1.0	0.5972338318824768
24	CHEMBL1813210-CHEMBL1813211	0	198	99	0	1.0	0.5396050810813904
25	CHEMBL3120748-CHEMBL1813210	0	198	99	0	1.0	0.5065258145332336
26	CHEMBL1813211-CHEMBL3120749	0	198	99	0	0.0	0.39578181505203247
27	CHEMBL184674-CHEMBL208531	0	198	99	1	1.0	0.5359427332878113
28	CHEMBL187259-CHEMBL3823618	0	198	99	0	1.0	0.847303569316864
29	CHEMBL362499-CHEMBL187372	0	198	99	0	0.0	0.12034610658884048
30	CHEMBL187372-CHEMBL427329	0	198	99	0	0.0	0.27244988083839417
31	CHEMBL191528-CHEMBL571514	0	198	99	0	0.0	0.318042516708374
32	CHEMBL2333966-CHEMBL193648	0	198	99	0	1.0	0.5267897248268127
33	CHEMBL193964-CHEMBL195811	0	198	99	0	0.0	0.12482572346925735
34	CHEMBL193964-CHEMBL365344	0	198	99	0	0.0	0.13023877143859863
35	CHEMBL1951641-CHEMBL4586124	0	198	99	0	0.0	0.34926703572273254
36	CHEMBL195194-CHEMBL195811	0	198	99	0	0.0	0.2837618589401245
37	CHEMBL195194-CHEMBL365344	0	198	99	0	0.0	0.29427722096443176
38	CHEMBL195509-CHEMBL362989	0	198	99	0	0.0	0.17470572888851166
39	CHEMBL364081-CHEMBL195509	0	198	99	0	0.0	0.09507233649492264
40	CHEMBL1956744_CHEMBL1956748-CHEMBL1956743_CHEMBL1956747	0	198	99	0	1.0	0.7494888305664062
41	CHEMBL1956745_CHEMBL1956749-CHEMBL1956743_CHEMBL1956747	0	198	99	1	1.0	0.8071736693382263
42	CHEMBL3322093-CHEMBL1957172	0	198	99	0	0.0	0.3982258439064026
43	CHEMBL432745-CHEMBL1957184	0	198	99	0	0.0	0.3891448974609375
44	CHEMBL571514-CHEMBL1957184	0	198	99	0	0.0	0.3990025818347931
45	CHEMBL432745-CHEMBL1957186	0	198	99	0	0.0	0.3690672516822815
46	CHEMBL571514-CHEMBL1957186	0	198	99	0	0.0	0.38617315888404846
47	CHEMBL195811-CHEMBL195978	0	198	99	0	0.0	0.27382609248161316
48	CHEMBL195811-CHEMBL196198	0	198	99	0	0.0	0.24437828361988068
49	CHEMBL195811-CHEMBL196435	0	198	99	0	0.0	0.27407774329185486
50	CHEMBL195811-CHEMBL2164733	0	198	99	0	0.0	0.11223308742046356
51	CHEMBL195946-CHEMBL196433	0	198	99	0	1.0	0.6484445333480835
52	CHEMBL365344-CHEMBL195978	0	198	99	0	0.0	0.3014814555644989
53	CHEMBL196198-CHEMBL365344	0	198	99	0	0.0	0.3190760016441345
54	CHEMBL539940-CHEMBL196433	0	198	99	0	0.0	0.21933263540267944
55	CHEMBL365344-CHEMBL196435	0	198	99	0	0.0	0.30443596839904785
56	CHEMBL204740-CHEMBL208531	0	198	99	1	1.0	0.57094407081604
57	CHEMBL2047802-CHEMBL2047803	0	198	99	0	1.0	0.7106271386146545
58	CHEMBL2047802-CHEMBL2047826	0	198	99	0	1.0	0.7230881452560425
59	CHEMBL2048925-CHEMBL2048927	0	198	99	0	0.0	0.28673940896987915
60	CHEMBL2048926-CHEMBL2048927	0	198	99	0	0.0	0.34825947880744934
61	CHEMBL2048929-CHEMBL2048930	0	198	99	0	0.0	0.3114096224308014
62	CHEMBL2048930-CHEMBL2048931	0	198	99	0	0.0	0.3171360194683075
63	CHEMBL2048933-CHEMBL2048934	0	198	99	0	0.0	0.38235965371131897
64	CHEMBL2048934-CHEMBL2048935	0	198	99	0	0.0	0.35614436864852905
65	CHEMBL205743-CHEMBL208531	0	198	99	1	1.0	0.6041659712791443
66	CHEMBL2070207-CHEMBL2070208	0	198	99	0	0.0	0.0820993185043335
67	CHEMBL387480-CHEMBL212811	0	198	99	0	1.0	0.5676653981208801
68	CHEMBL214201-CHEMBL2333966	0	198	99	0	1.0	0.5708058476448059
69	CHEMBL214809-CHEMBL4073247	0	198	99	0	0.0	0.24107904732227325
70	CHEMBL2323125-CHEMBL215810	0	198	99	0	1.0	0.7104717493057251
71	CHEMBL4080055-CHEMBL215810	0	198	99	0	1.0	0.7602761387825012
72	CHEMBL2333966-CHEMBL2164729	0	198	99	0	1.0	0.526561439037323
73	CHEMBL365344-CHEMBL2164733	0	198	99	0	0.0	0.12282831966876984
74	CHEMBL2208444-CHEMBL2203339	0	198	99	0	1.0	0.584466814994812
75	CHEMBL2208445-CHEMBL2203339	0	198	99	0	0.0	0.16540321707725525
76	CHEMBL2208440-CHEMBL2208439	0	198	99	0	1.0	0.588091254234314
77	CHEMBL2208442-CHEMBL2208439	0	198	99	0	1.0	0.6350153684616089
78	CHEMBL2273029-CHEMBL3322093	0	198	99	1	0.0	0.4550982713699341
79	CHEMBL2323135_CHEMBL2323137-CHEMBL2323134_CHEMBL2323136	0	198	99	0	1.0	0.6950159668922424
80	CHEMBL3329922_CHEMBL3329925-CHEMBL2323134_CHEMBL2323136	0	198	99	0	1.0	0.6070690751075745
81	CHEMBL3329923_CHEMBL3329926-CHEMBL2323134_CHEMBL2323136	0	198	99	0	0.0	0.2064647674560547
82	CHEMBL3127563-CHEMBL2326513	0	198	99	0	0.0	0.19744420051574707
83	CHEMBL2326520-CHEMBL2326522	0	198	99	0	0.0	0.24024268984794617
84	CHEMBL2326520-CHEMBL3127563	0	198	99	0	0.0	0.24731507897377014
85	CHEMBL3127558-CHEMBL2326522	0	198	99	0	0.0	0.21881024539470673
86	CHEMBL3127559-CHEMBL2326522	0	198	99	0	0.0	0.25115323066711426
87	CHEMBL2326522-CHEMBL3127560	0	198	99	0	0.0	0.2512722313404083
88	CHEMBL2336622-CHEMBL2331608	0	198	99	0	1.0	0.5715802907943726
89	CHEMBL486218-CHEMBL2333590	0	198	99	0	1.0	0.5533775091171265
90	CHEMBL2333963-CHEMBL466810	0	198	99	0	0.0	0.4939318299293518
91	CHEMBL2333964-CHEMBL3402961	0	198	99	1	1.0	0.5537605285644531
92	CHEMBL2337540-CHEMBL2333966	0	198	99	0	1.0	0.6167324781417847
93	CHEMBL23417-CHEMBL2333966	0	198	99	0	1.0	0.5832503437995911
94	CHEMBL23591-CHEMBL2333966	0	198	99	0	1.0	0.5718955397605896
95	CHEMBL278395-CHEMBL2333966	0	198	99	0	1.0	0.5401854515075684
96	CHEMBL2333966-CHEMBL3359169	0	198	99	0	1.0	0.59958815574646
97	CHEMBL2333966-CHEMBL3359170	0	198	99	0	1.0	0.5687689781188965
98	CHEMBL2333966-CHEMBL3402958	0	198	99	0	1.0	0.6131198406219482
99	CHEMBL2333966-CHEMBL3402959	0	198	99	0	1.0	0.5880100727081299
100	CHEMBL2333966-CHEMBL3402960	0	198	99	0	1.0	0.6369907855987549
101	CHEMBL4454802-CHEMBL2333966	0	198	99	0	1.0	0.5025302171707153
102	CHEMBL2333966-CHEMBL4462614	0	198	99	0	1.0	0.564532995223999
103	CHEMBL687-CHEMBL2333966	0	198	99	0	1.0	0.5055257081985474
104	CHEMBL2333968-CHEMBL4562842	0	198	99	0	1.0	0.5448518991470337
105	CHEMBL2333969-CHEMBL4562842	0	198	99	0	1.0	0.6019282341003418
106	CHEMBL2333976-CHEMBL4562842	0	198	99	1	1.0	0.6225090026855469
107	CHEMBL2334004-CHEMBL258230	0	198	99	0	0.0	0.48652365803718567
108	CHEMBL2336620-CHEMBL2336619	0	198	99	0	0.0	0.2746536433696747
109	CHEMBL2336619-CHEMBL2336621	0	198	99	0	0.0	0.29958343505859375
110	CHEMBL2336619-CHEMBL2336623	0	198	99	0	0.0	0.29513293504714966
111	CHEMBL2336619-CHEMBL2336624	0	198	99	0	0.0	0.29450786113739014
112	CHEMBL2336619-CHEMBL2336632	0	198	99	0	0.0	0.3293883800506592
113	CHEMBL2336619-CHEMBL2336633	0	198	99	0	0.0	0.2295665591955185
114	CHEMBL2336620-CHEMBL2336622	0	198	99	0	0.0	0.30179718136787415
115	CHEMBL2336621-CHEMBL2336622	0	198	99	0	0.0	0.297578364610672
116	CHEMBL2336622-CHEMBL2336623	0	198	99	0	0.0	0.29314517974853516
117	CHEMBL2336622-CHEMBL2336624	0	198	99	0	0.0	0.29251426458358765
118	CHEMBL2336622-CHEMBL2336632	0	198	99	0	0.0	0.358317494392395
119	CHEMBL2436867-CHEMBL2436880	0	198	99	0	0.0	0.41284993290901184
120	CHEMBL2436880-CHEMBL2436876	0	198	99	0	0.0	0.447185754776001
121	CHEMBL2436880-CHEMBL2436877	0	198	99	0	0.0	0.39514920115470886
122	CHEMBL2436880-CHEMBL2436878	0	198	99	0	0.0	0.3885526955127716
123	CHEMBL2436880-CHEMBL2436879	0	198	99	0	0.0	0.3877725303173065
124	CHEMBL2436880-CHEMBL2436881	0	198	99	0	0.0	0.32712677121162415
125	CHEMBL2436882-CHEMBL2436880	0	198	99	0	0.0	0.345734179019928
126	CHEMBL2436880-CHEMBL2436883	0	198	99	0	0.0	0.4527234137058258
127	CHEMBL2436880-CHEMBL2436884	0	198	99	0	0.0	0.45774707198143005
128	CHEMBL308819-CHEMBL432745	0	198	99	0	0.0	0.3983097970485687
129	CHEMBL308819-CHEMBL571514	0	198	99	0	0.0	0.3752578794956207
130	CHEMBL3104049-CHEMBL3104051	0	198	99	0	0.0	0.49121153354644775
131	CHEMBL3104049-CHEMBL3104054	0	198	99	0	1.0	0.6000310182571411
132	CHEMBL3104050-CHEMBL3104051	0	198	99	0	0.0	0.491968035697937
133	CHEMBL3104050-CHEMBL3104054	0	198	99	0	1.0	0.599227249622345
134	CHEMBL3104056-CHEMBL3104050	0	198	99	0	0.0	0.3177405893802643
135	CHEMBL3104053-CHEMBL3104051	0	198	99	0	0.0	0.45261988043785095
136	CHEMBL3104051-CHEMBL3104063	0	198	99	0	0.0	0.484014093875885
137	CHEMBL3104158-CHEMBL3104051	0	198	99	0	1.0	0.5282015204429626
138	CHEMBL3104051-CHEMBL3104366	0	198	99	0	0.0	0.19570113718509674
139	CHEMBL3104058-CHEMBL3104052	0	198	99	0	0.0	0.32106858491897583
140	CHEMBL3104053-CHEMBL3104054	0	198	99	0	1.0	0.6273394227027893
141	CHEMBL3104060-CHEMBL3104054	0	198	99	0	0.0	0.32657313346862793
142	CHEMBL3104054-CHEMBL3104155	0	198	99	0	0.0	0.11375778168439865
143	CHEMBL3104054-CHEMBL3104369	0	198	99	0	0.0	0.47285592555999756
144	CHEMBL3104055-CHEMBL3104056	0	198	99	0	0.0	0.4927828013896942
145	CHEMBL3104055-CHEMBL3104057	0	198	99	0	0.0	0.49011945724487305
146	CHEMBL3104059-CHEMBL3104056	0	198	99	0	0.0	0.45261719822883606
147	CHEMBL3104056-CHEMBL3104060	0	198	99	0	1.0	0.5981963276863098
148	CHEMBL3104056-CHEMBL3104062	0	198	99	0	0.0	0.4845782518386841
149	CHEMBL3104157-CHEMBL3104056	0	198	99	0	1.0	0.5288486480712891
150	CHEMBL3104162-CHEMBL3104056	0	198	99	0	0.0	0.4390553832054138
151	CHEMBL3104056-CHEMBL3104365	0	198	99	0	0.0	0.46430253982543945
152	CHEMBL3104059-CHEMBL3104057	0	198	99	0	0.0	0.45153743028640747
153	CHEMBL3104057-CHEMBL3104060	0	198	99	0	1.0	0.5971524119377136
154	CHEMBL3104057-CHEMBL3104063	0	198	99	0	0.0	0.48415040969848633
155	CHEMBL3104158-CHEMBL3104057	0	198	99	0	1.0	0.52836012840271
156	CHEMBL3104057-CHEMBL3104366	0	198	99	0	0.0	0.1958085596561432
157	CHEMBL3104058-CHEMBL3104064	0	198	99	0	0.0	0.4900972247123718
158	CHEMBL3104058-CHEMBL3104367	0	198	99	0	0.0	0.46905186772346497
159	CHEMBL3104160-CHEMBL3104156	0	198	99	0	0.0	0.35159605741500854
160	CHEMBL3104156-CHEMBL3104161	0	198	99	0	0.0	0.16137006878852844
161	CHEMBL3104160-CHEMBL3104157	0	198	99	0	0.0	0.35225340723991394
162	CHEMBL3104160-CHEMBL3104158	0	198	99	0	0.0	0.2915043830871582
163	CHEMBL3104160-CHEMBL3104164	0	198	99	0	0.0	0.29789695143699646
164	CHEMBL3104161-CHEMBL3104162	0	198	99	0	0.0	0.40219783782958984
165	CHEMBL3104164-CHEMBL3104161	0	198	99	0	0.0	0.3656536638736725
166	CHEMBL3121763-CHEMBL3121760	0	198	99	0	0.0	0.17960745096206665
167	CHEMBL3121764-CHEMBL3121760	0	198	99	0	0.0	0.18273137509822845
168	CHEMBL3121766-CHEMBL3121760	0	198	99	0	0.0	0.19111022353172302
169	CHEMBL3121761-CHEMBL3121762	0	198	99	0	0.0	0.22236359119415283
170	CHEMBL3121761-CHEMBL3121763	0	198	99	0	0.0	0.20718660950660706
171	CHEMBL3121761-CHEMBL3121764	0	198	99	0	0.0	0.21072329580783844
172	CHEMBL3121761-CHEMBL3121766	0	198	99	0	0.0	0.22066670656204224
173	CHEMBL3121765-CHEMBL3121762	0	198	99	0	0.0	0.22639481723308563
174	CHEMBL3121765-CHEMBL3121763	0	198	99	0	0.0	0.20631784200668335
175	CHEMBL3121765-CHEMBL3121764	0	198	99	0	0.0	0.20984365046024323
176	CHEMBL3121765-CHEMBL3121766	0	198	99	0	0.0	0.21971960365772247
177	CHEMBL432745-CHEMBL3121782	0	198	99	0	0.0	0.4554509222507477
178	CHEMBL571514-CHEMBL3121782	0	198	99	0	0.0	0.33639323711395264
179	CHEMBL3125553-CHEMBL4473283	0	198	99	0	0.0	0.29734137654304504
180	CHEMBL3125553-CHEMBL4524590	0	198	99	0	0.0	0.3621401786804199
181	CHEMBL3126806-CHEMBL3126804	0	198	99	0	0.0	0.2736022472381592
182	CHEMBL3126804-CHEMBL3126821	0	198	99	0	0.0	0.23298732936382294
183	CHEMBL3126806-CHEMBL3126805	0	198	99	0	0.0	0.27165496349334717
184	CHEMBL3126805-CHEMBL3126809	0	198	99	0	0.0	0.3328949511051178
185	CHEMBL3126806-CHEMBL3126807	0	198	99	0	0.0	0.2833557724952698
186	CHEMBL3126806-CHEMBL3126808	0	198	99	0	0.0	0.27791711688041687
187	CHEMBL3126806-CHEMBL3126817	0	198	99	0	0.0	0.2753090262413025
188	CHEMBL3126824-CHEMBL3126806	0	198	99	0	0.0	0.27713316679000854
189	CHEMBL3126807-CHEMBL3126809	0	198	99	0	0.0	0.34579381346702576
190	CHEMBL3126807-CHEMBL3126821	0	198	99	0	0.0	0.32916608452796936
191	CHEMBL3126808-CHEMBL3126809	0	198	99	0	0.0	0.3397265374660492
192	CHEMBL3126808-CHEMBL3126821	0	198	99	0	0.0	0.3292613923549652
193	CHEMBL3126809-CHEMBL3126820	0	198	99	0	0.0	0.2847830653190613
194	CHEMBL3126810-CHEMBL3126813	0	198	99	0	0.0	0.34663617610931396
195	CHEMBL3126810-CHEMBL3126814	0	198	99	0	0.0	0.27422034740448
196	CHEMBL3126810-CHEMBL3126821	0	198	99	0	0.0	0.26395222544670105
197	CHEMBL3126811-CHEMBL3126813	0	198	99	0	0.0	0.3976118564605713
198	CHEMBL3126812-CHEMBL3126820	0	198	99	0	0.0	0.2620457708835602
199	CHEMBL3126823-CHEMBL3126812	0	198	99	0	0.0	0.32756298780441284
200	CHEMBL3126824-CHEMBL3126812	0	198	99	0	0.0	0.3354443609714508
201	CHEMBL3126825-CHEMBL3126812	0	198	99	0	0.0	0.340138703584671
202	CHEMBL3126822-CHEMBL3126813	0	198	99	0	0.0	0.39924144744873047
203	CHEMBL3126823-CHEMBL3126813	0	198	99	0	0.0	0.43152812123298645
204	CHEMBL3126824-CHEMBL3126813	0	198	99	0	0.0	0.39767971634864807
205	CHEMBL3126825-CHEMBL3126813	0	198	99	0	0.0	0.39765453338623047
206	CHEMBL3126815-CHEMBL3126814	0	198	99	0	0.0	0.23812896013259888
207	CHEMBL3126817-CHEMBL3126814	0	198	99	0	0.0	0.33579474687576294
208	CHEMBL3126818-CHEMBL3126814	0	198	99	0	0.0	0.33580780029296875
209	CHEMBL3126819-CHEMBL3126814	0	198	99	0	0.0	0.24202103912830353
210	CHEMBL3126820-CHEMBL3126814	0	198	99	0	0.0	0.258053183555603
211	CHEMBL3127564-CHEMBL3127558	0	198	99	0	0.0	0.2297697812318802
212	CHEMBL3127559-CHEMBL3127563	0	198	99	0	0.0	0.22883592545986176
213	CHEMBL3127559-CHEMBL3127564	0	198	99	1	0.0	0.22969265282154083
214	CHEMBL3127563-CHEMBL3127560	0	198	99	0	0.0	0.22908568382263184
215	CHEMBL3127564-CHEMBL3127560	0	198	99	1	0.0	0.22995248436927795
216	CHEMBL3127563-CHEMBL3127561	0	198	99	1	0.0	0.22920531034469604
217	CHEMBL3127564-CHEMBL3127561	0	198	99	0	0.0	0.22916533052921295
218	CHEMBL3235167-CHEMBL3235165	0	198	99	0	0.0	0.4580027461051941
219	CHEMBL3235167-CHEMBL3235166	0	198	99	0	1.0	0.5091871619224548
220	CHEMBL3235171-CHEMBL3235167	0	198	99	0	1.0	0.7250369191169739
221	CHEMBL3237855-CHEMBL3237851	0	198	99	0	0.0	0.24210287630558014
222	CHEMBL3237855-CHEMBL3237854	0	198	99	0	0.0	0.23470525443553925
223	CHEMBL3261391-CHEMBL3261387	0	198	99	0	0.0	0.0999138131737709
224	CHEMBL3261387-CHEMBL3261394	0	198	99	0	0.0	0.1416284292936325
225	CHEMBL3261387-CHEMBL3261395	0	198	99	0	0.0	0.06878197938203812
226	CHEMBL3401465-CHEMBL3261387	0	198	99	0	1.0	0.5344948172569275
227	CHEMBL3261391-CHEMBL3261388	0	198	99	0	0.0	0.12083128094673157
228	CHEMBL3261388-CHEMBL3261394	0	198	99	0	0.0	0.11526960134506226
229	CHEMBL3261388-CHEMBL3261395	0	198	99	0	0.0	0.483345091342926
230	CHEMBL3401465-CHEMBL3261388	0	198	99	0	0.0	0.49154990911483765
231	CHEMBL3261391-CHEMBL3261389	0	198	99	0	0.0	0.12473508715629578
232	CHEMBL3261389-CHEMBL3261394	0	198	99	0	0.0	0.17723293602466583
233	CHEMBL3261389-CHEMBL3261395	0	198	99	0	0.0	0.0847424566745758
234	CHEMBL3401465-CHEMBL3261389	0	198	99	0	0.0	0.07234972715377808
235	CHEMBL3261390-CHEMBL3261394	0	198	99	0	0.0	0.16583925485610962
236	CHEMBL3261390-CHEMBL3261395	0	198	99	0	0.0	0.0802040845155716
237	CHEMBL3401465-CHEMBL3261390	0	198	99	0	0.0	0.06877655535936356
238	CHEMBL3261391-CHEMBL3261392	0	198	99	0	0.0	0.0953071266412735
239	CHEMBL3261391-CHEMBL3261393	0	198	99	0	0.0	0.42631396651268005
240	CHEMBL3357169-CHEMBL3261391	0	198	99	0	0.0	0.11182849854230881
241	CHEMBL3261391-CHEMBL3401463	0	198	99	0	0.0	0.4010747969150543
242	CHEMBL3261391-CHEMBL3401464	0	198	99	0	0.0	0.4037114381790161
243	CHEMBL3261392-CHEMBL3261394	0	198	99	0	0.0	0.1352642923593521
244	CHEMBL3261392-CHEMBL3261395	0	198	99	0	0.0	0.06653085350990295
245	CHEMBL3401465-CHEMBL3261392	0	198	99	0	0.0	0.05725632235407829
246	CHEMBL3261393-CHEMBL3261394	0	198	99	0	1.0	0.5259305834770203
247	CHEMBL3261393-CHEMBL3261395	0	198	99	0	0.0	0.298478901386261
248	CHEMBL3401465-CHEMBL3261393	0	198	99	0	0.0	0.3240298628807068
249	CHEMBL3357169-CHEMBL3261394	0	198	99	0	0.0	0.07600019127130508
250	CHEMBL3401463-CHEMBL3261394	0	198	99	0	1.0	0.5410277843475342
251	CHEMBL3401464-CHEMBL3261394	0	198	99	0	1.0	0.5428805351257324
252	CHEMBL3357169-CHEMBL3261395	0	198	99	0	0.0	0.34376993775367737
253	CHEMBL3401463-CHEMBL3261395	0	198	99	0	0.0	0.2790108025074005
254	CHEMBL3401464-CHEMBL3261395	0	198	99	0	0.0	0.2804839611053467
255	CHEMBL3291106-CHEMBL3291105	0	198	99	0	0.0	0.34685391187667847
256	CHEMBL3291109-CHEMBL3291108	0	198	99	0	1.0	0.5507157444953918
257	CHEMBL3310911-CHEMBL3310912	0	198	99	0	1.0	0.819913923740387
258	CHEMBL3310911-CHEMBL3310913	0	198	99	0	1.0	0.8401000499725342
259	CHEMBL3310911-CHEMBL3310914	0	198	99	0	1.0	0.8439781665802002
260	CHEMBL3310911-CHEMBL3310915	0	198	99	0	1.0	0.8502915501594543
261	CHEMBL3310911-CHEMBL3310916	0	198	99	0	1.0	0.8520992994308472
262	CHEMBL3310911-CHEMBL3311025	0	198	99	0	1.0	0.8674154281616211
263	CHEMBL3310911-CHEMBL3311028	0	198	99	0	1.0	0.8690738677978516
264	CHEMBL3310911-CHEMBL3586211	0	198	99	0	1.0	0.5939033627510071
265	CHEMBL3310911-CHEMBL3586212	0	198	99	0	1.0	0.8390622735023499
266	CHEMBL3310911-CHEMBL3586215	0	198	99	0	1.0	0.8465678691864014
267	CHEMBL3310911-CHEMBL3586216	0	198	99	0	0.0	0.482755571603775
268	CHEMBL3310911-CHEMBL3586217	0	198	99	0	0.0	0.14790421724319458
269	CHEMBL3310911-CHEMBL3586218	0	198	99	0	0.0	0.13393761217594147
270	CHEMBL3310911-CHEMBL3586220	0	198	99	0	0.0	0.13860133290290833
271	CHEMBL3310911-CHEMBL3604404	0	198	99	0	1.0	0.6825340390205383
272	CHEMBL3310911-CHEMBL3604405	0	198	99	0	1.0	0.6752187013626099
273	CHEMBL3310911-CHEMBL3604406	0	198	99	0	1.0	0.6115478873252869
274	CHEMBL3310911-CHEMBL3604409	0	198	99	0	1.0	0.6726316213607788
275	CHEMBL3310911-CHEMBL3604414	0	198	99	0	1.0	0.7631456255912781
276	CHEMBL3310911-CHEMBL3604416	0	198	99	1	1.0	0.674318253993988
277	CHEMBL3310911-CHEMBL3604418	0	198	99	0	1.0	0.6025604605674744
278	CHEMBL3310911-CHEMBL3604509	0	198	99	1	1.0	0.664760947227478
279	CHEMBL3310911-CHEMBL3604515	0	198	99	0	1.0	0.6088194847106934
280	CHEMBL3310912-CHEMBL3311023	0	198	99	0	0.0	0.4657743275165558
281	CHEMBL3310912-CHEMBL3311024	0	198	99	0	0.0	0.3204304575920105
282	CHEMBL3604415-CHEMBL3310912	0	198	99	0	1.0	0.8373379111289978
283	CHEMBL3604514-CHEMBL3310912	0	198	99	0	1.0	0.8586122393608093
284	CHEMBL3310913-CHEMBL3311023	0	198	99	0	1.0	0.5132530331611633
285	CHEMBL3310913-CHEMBL3311024	0	198	99	0	0.0	0.36626970767974854
286	CHEMBL3604415-CHEMBL3310913	0	198	99	0	1.0	0.8584460616111755
287	CHEMBL3604514-CHEMBL3310913	0	198	99	0	1.0	0.8773763179779053
288	CHEMBL3310914-CHEMBL3311023	0	198	99	0	1.0	0.5183413624763489
289	CHEMBL3310914-CHEMBL3311024	0	198	99	0	0.0	0.36924853920936584
290	CHEMBL3604415-CHEMBL3310914	0	198	99	0	1.0	0.8600772023200989
291	CHEMBL3604514-CHEMBL3310914	0	198	99	0	1.0	0.879957377910614
292	CHEMBL3310915-CHEMBL3311023	0	198	99	0	0.0	0.4162311255931854
293	CHEMBL3311024-CHEMBL3310915	0	198	99	0	1.0	0.5085833072662354
294	CHEMBL3604415-CHEMBL3310915	0	198	99	0	1.0	0.8700906038284302
295	CHEMBL3604514-CHEMBL3310915	0	198	99	0	1.0	0.8841491341590881
296	CHEMBL3310916-CHEMBL3311023	0	198	99	0	0.0	0.42202356457710266
297	CHEMBL3311024-CHEMBL3310916	0	198	99	0	0.0	0.41210612654685974
298	CHEMBL3604415-CHEMBL3310916	0	198	99	0	1.0	0.8720228672027588
299	CHEMBL3604514-CHEMBL3310916	0	198	99	0	1.0	0.885697066783905
300	CHEMBL3311025-CHEMBL3311023	0	198	99	0	1.0	0.6020148396492004
301	CHEMBL3311028-CHEMBL3311023	0	198	99	0	1.0	0.606164813041687
302	CHEMBL3586211-CHEMBL3311023	0	198	99	0	1.0	0.8296496868133545
303	CHEMBL3586212-CHEMBL3311023	0	198	99	0	0.0	0.2899104058742523
304	CHEMBL3586213-CHEMBL3311023	0	198	99	0	1.0	0.5115566849708557
305	CHEMBL3586215-CHEMBL3311023	0	198	99	0	1.0	0.5245348215103149
306	CHEMBL3586216-CHEMBL3311023	0	198	99	0	1.0	0.7754638195037842
307	CHEMBL3586218-CHEMBL3311023	0	198	99	0	0.0	0.35068458318710327
308	CHEMBL3586219-CHEMBL3311023	0	198	99	0	1.0	0.5601487159729004
309	CHEMBL3586220-CHEMBL3311023	0	198	99	0	0.0	0.36180001497268677
310	CHEMBL3604404-CHEMBL3311023	0	198	99	0	1.0	0.8772798776626587
311	CHEMBL3604405-CHEMBL3311023	0	198	99	0	1.0	0.8780874013900757
312	CHEMBL3604406-CHEMBL3311023	0	198	99	0	1.0	0.8500171899795532
313	CHEMBL3604409-CHEMBL3311023	0	198	99	0	1.0	0.8779235482215881
314	CHEMBL3604414-CHEMBL3311023	0	198	99	0	1.0	0.8732619881629944
315	CHEMBL3604416-CHEMBL3311023	0	198	99	1	1.0	0.8743175268173218
316	CHEMBL3604418-CHEMBL3311023	0	198	99	0	1.0	0.8456209301948547
317	CHEMBL3604509-CHEMBL3311023	0	198	99	1	1.0	0.8749964833259583
318	CHEMBL3311025-CHEMBL3311024	0	198	99	0	0.0	0.45656120777130127
319	CHEMBL3311024-CHEMBL3311028	0	198	99	0	0.0	0.46133533120155334
320	CHEMBL3586211-CHEMBL3311024	0	198	99	0	1.0	0.8637797236442566
321	CHEMBL3586212-CHEMBL3311024	0	198	99	0	0.0	0.37635496258735657
322	CHEMBL3586215-CHEMBL3311024	0	198	99	0	0.0	0.37553516030311584
323	CHEMBL3586216-CHEMBL3311024	0	198	99	0	1.0	0.824194610118866
324	CHEMBL3586217-CHEMBL3311024	0	198	99	0	0.0	0.47743621468544006
325	CHEMBL3311024-CHEMBL3586218	0	198	99	0	0.0	0.44355735182762146
326	CHEMBL3311024-CHEMBL3586220	0	198	99	0	0.0	0.4552743434906006
327	CHEMBL3604404-CHEMBL3311024	0	198	99	0	1.0	0.9029837250709534
328	CHEMBL3604405-CHEMBL3311024	0	198	99	0	1.0	0.9037136435508728
329	CHEMBL3604406-CHEMBL3311024	0	198	99	0	1.0	0.8850301504135132
330	CHEMBL3604409-CHEMBL3311024	0	198	99	0	1.0	0.9040440917015076
331	CHEMBL3604414-CHEMBL3311024	0	198	99	0	0.0	0.23155634105205536
332	CHEMBL3604416-CHEMBL3311024	0	198	99	1	1.0	0.9006488919258118
333	CHEMBL3604418-CHEMBL3311024	0	198	99	0	1.0	0.8818378448486328
334	CHEMBL3604509-CHEMBL3311024	0	198	99	1	1.0	0.9018638134002686
335	CHEMBL3604515-CHEMBL3311024	0	198	99	0	1.0	0.8837865591049194
336	CHEMBL3604415-CHEMBL3311025	0	198	99	0	1.0	0.8869686722755432
337	CHEMBL3604514-CHEMBL3311025	0	198	99	0	1.0	0.8982672691345215
338	CHEMBL3604415-CHEMBL3311028	0	198	99	0	1.0	0.8883993029594421
339	CHEMBL3604514-CHEMBL3311028	0	198	99	0	1.0	0.8997745513916016
340	CHEMBL3326408-CHEMBL3918252	0	198	99	0	0.0	0.11108182370662689
341	CHEMBL3326408-CHEMBL3936646	0	198	99	0	0.0	0.10577909648418427
342	CHEMBL3326408-CHEMBL3973519	0	198	99	0	1.0	0.709331214427948
343	CHEMBL3326408-CHEMBL3979541	0	198	99	0	0.0	0.09350244700908661
344	CHEMBL3326408-CHEMBL4165727	0	198	99	0	0.0	0.10056614130735397
345	CHEMBL3326409-CHEMBL3326410	0	198	99	0	0.0	0.2255760133266449
346	CHEMBL3342248-CHEMBL3342247	0	198	99	0	1.0	0.9197474122047424
347	CHEMBL3342251-CHEMBL3342247	0	198	99	1	1.0	0.5867999196052551
348	CHEMBL3342249-CHEMBL3342248	0	198	99	1	1.0	0.8845635652542114
349	CHEMBL3342250-CHEMBL3342248	0	198	99	1	1.0	0.5201660394668579
350	CHEMBL3342253-CHEMBL3342248	0	198	99	0	1.0	0.9382930397987366
351	CHEMBL3342251-CHEMBL3342249	0	198	99	0	1.0	0.9324344396591187
352	CHEMBL3342251-CHEMBL3342250	0	198	99	0	1.0	0.6702632904052734
353	CHEMBL3342251-CHEMBL3342253	0	198	99	1	1.0	0.7019910216331482
354	CHEMBL3343274-CHEMBL3343273	0	198	99	0	1.0	0.7108517289161682
355	CHEMBL3423252-CHEMBL3343274	0	198	99	0	0.0	0.3909309208393097
356	CHEMBL3423256-CHEMBL3343274	0	198	99	0	1.0	0.745834231376648
357	CHEMBL3423258-CHEMBL3343274	0	198	99	0	0.0	0.43666648864746094
358	CHEMBL3356260-CHEMBL3356257	0	198	99	0	0.0	0.18115846812725067
359	CHEMBL3356261-CHEMBL3356257	0	198	99	0	0.0	0.18445393443107605
360	CHEMBL3356262-CHEMBL3356257	0	198	99	0	0.0	0.3017682731151581
361	CHEMBL3356258-CHEMBL3356259	0	198	99	0	0.0	0.20445311069488525
362	CHEMBL3356258-CHEMBL3356260	0	198	99	0	0.0	0.2054659128189087
363	CHEMBL3356258-CHEMBL3356261	0	198	99	0	0.0	0.20538389682769775
364	CHEMBL3356258-CHEMBL3356262	0	198	99	0	0.0	0.2528882324695587
365	CHEMBL3356272-CHEMBL3356268	0	198	99	0	0.0	0.24773110449314117
366	CHEMBL3356269-CHEMBL3356272	0	198	99	0	0.0	0.20665158331394196
367	CHEMBL3356272-CHEMBL3356270	0	198	99	0	0.0	0.20481495559215546
368	CHEMBL3356272-CHEMBL3356271	0	198	99	0	0.0	0.2133522629737854
369	CHEMBL3356272-CHEMBL3356273	0	198	99	0	0.0	0.26459139585494995
370	CHEMBL3401465-CHEMBL3357169	0	198	99	0	0.0	0.35712799429893494
371	CHEMBL3402961-CHEMBL3359169	0	198	99	0	1.0	0.50352942943573
372	CHEMBL3402961-CHEMBL3359170	0	198	99	0	1.0	0.5367621779441833
373	CHEMBL3402961-CHEMBL3359171	0	198	99	0	1.0	0.5690335035324097
374	CHEMBL3360588-CHEMBL3360586	0	198	99	0	0.0	0.47521838545799255
375	CHEMBL3360590-CHEMBL3360588	0	198	99	0	0.0	0.41697147488594055
376	CHEMBL3401465-CHEMBL3401463	0	198	99	0	0.0	0.40704330801963806
377	CHEMBL3401465-CHEMBL3401464	0	198	99	0	0.0	0.22715401649475098
378	CHEMBL4448721-CHEMBL3402833	0	198	99	0	0.0	0.14955070614814758
379	CHEMBL3402958-CHEMBL3402961	0	198	99	0	1.0	0.5362037420272827
380	CHEMBL3402961-CHEMBL3402959	0	198	99	0	1.0	0.5030316710472107
381	CHEMBL3402961-CHEMBL3402960	0	198	99	0	1.0	0.5114587545394897
382	CHEMBL3402961-CHEMBL4462614	0	198	99	0	1.0	0.5208724737167358
383	CHEMBL3423262-CHEMBL3423266	0	198	99	0	0.0	0.1021968349814415
384	CHEMBL3604415-CHEMBL3586211	0	198	99	0	1.0	0.6486669778823853
385	CHEMBL3604514-CHEMBL3586211	0	198	99	0	1.0	0.6846774816513062
386	CHEMBL3604415-CHEMBL3586212	0	198	99	0	1.0	0.8573868870735168
387	CHEMBL3604514-CHEMBL3586212	0	198	99	0	1.0	0.8765386343002319
388	CHEMBL3604417-CHEMBL3586213	0	198	99	1	1.0	0.8814826011657715
389	CHEMBL3604514-CHEMBL3586213	0	198	99	1	1.0	0.8768079876899719
390	CHEMBL3604417-CHEMBL3586215	0	198	99	1	1.0	0.8868787884712219
391	CHEMBL3604415-CHEMBL3586216	0	198	99	0	1.0	0.7885392308235168
392	CHEMBL3604417-CHEMBL3586216	0	198	99	0	1.0	0.8292862772941589
393	CHEMBL3604514-CHEMBL3586216	0	198	99	0	1.0	0.8191983103752136
394	CHEMBL3604415-CHEMBL3586217	0	198	99	0	0.0	0.29759740829467773
395	CHEMBL3604417-CHEMBL3586217	0	198	99	0	1.0	0.8945528864860535
396	CHEMBL3604514-CHEMBL3586217	0	198	99	0	0.0	0.25260302424430847
397	CHEMBL3604415-CHEMBL3586218	0	198	99	0	1.0	0.8870197534561157
398	CHEMBL3604417-CHEMBL3586218	0	198	99	0	1.0	0.9017695784568787
399	CHEMBL3604514-CHEMBL3586218	0	198	99	0	1.0	0.8984238505363464
400	CHEMBL3604417-CHEMBL3586219	0	198	99	1	1.0	0.8893848657608032
401	CHEMBL3604514-CHEMBL3586219	0	198	99	1	1.0	0.8854037523269653
402	CHEMBL3604415-CHEMBL3586220	0	198	99	0	0.0	0.2788532078266144
403	CHEMBL3604417-CHEMBL3586220	0	198	99	0	1.0	0.9013340473175049
404	CHEMBL3604514-CHEMBL3586220	0	198	99	0	0.0	0.23518621921539307
405	CHEMBL3601530-CHEMBL3601533	0	198	99	0	0.0	0.3595315217971802
406	CHEMBL3601533-CHEMBL3601531	0	198	99	0	0.0	0.3328348696231842
407	CHEMBL3601533-CHEMBL3601532	0	198	99	0	0.0	0.38268792629241943
408	CHEMBL3601533-CHEMBL3601535	0	198	99	0	0.0	0.43586286902427673
409	CHEMBL3601533-CHEMBL3601536	0	198	99	0	0.0	0.416333943605423
410	CHEMBL3601541-CHEMBL3601542	0	198	99	0	0.0	0.3074755370616913
411	CHEMBL3601543-CHEMBL3601542	0	198	99	0	0.0	0.28602954745292664
412	CHEMBL3601544-CHEMBL3601542	0	198	99	0	0.0	0.2917012870311737
413	CHEMBL3601545-CHEMBL3601542	0	198	99	0	0.0	0.3915502727031708
414	CHEMBL3604415-CHEMBL3604404	0	198	99	0	1.0	0.8541200757026672
415	CHEMBL3604417-CHEMBL3604404	0	198	99	0	1.0	0.7613316774368286
416	CHEMBL3604514-CHEMBL3604404	0	198	99	0	1.0	0.8267523646354675
417	CHEMBL3604405-CHEMBL3604415	0	198	99	0	1.0	0.8526583313941956
418	CHEMBL3604417-CHEMBL3604405	0	198	99	0	1.0	0.794248640537262
419	CHEMBL3604405-CHEMBL3604514	0	198	99	0	1.0	0.824111819267273
420	CHEMBL3604406-CHEMBL3604415	0	198	99	0	1.0	0.8084942698478699
421	CHEMBL3604417-CHEMBL3604406	0	198	99	0	1.0	0.8522883653640747
422	CHEMBL3604406-CHEMBL3604514	0	198	99	0	1.0	0.7721001505851746
423	CHEMBL3604415-CHEMBL3604409	0	198	99	0	1.0	0.8506715297698975
424	CHEMBL3604417-CHEMBL3604409	0	198	99	0	1.0	0.8130595684051514
425	CHEMBL3604409-CHEMBL3604514	0	198	99	0	1.0	0.8218839764595032
426	CHEMBL3604415-CHEMBL3604414	0	198	99	0	1.0	0.7736700177192688
427	CHEMBL3604514-CHEMBL3604414	0	198	99	0	1.0	0.8045129776000977
428	CHEMBL3604418-CHEMBL3604415	0	198	99	0	1.0	0.8223437666893005
429	CHEMBL3604515-CHEMBL3604415	0	198	99	0	1.0	0.8073753118515015
430	CHEMBL3604417-CHEMBL3604416	0	198	99	0	1.0	0.802189826965332
431	CHEMBL3604417-CHEMBL3604509	0	198	99	0	1.0	0.7961860299110413
432	CHEMBL3604417-CHEMBL3604515	0	198	99	0	1.0	0.8513636589050293
433	CHEMBL3604418-CHEMBL3604514	0	198	99	0	1.0	0.8465463519096375
434	CHEMBL3604515-CHEMBL3604514	0	198	99	0	1.0	0.7709882855415344
435	CHEMBL3608873-CHEMBL3608874	0	198	99	0	0.0	0.1797364056110382
436	CHEMBL3613524-CHEMBL3613544	0	198	99	0	0.0	0.13834251463413239
437	CHEMBL3613534-CHEMBL3613544	0	198	99	0	0.0	0.15865954756736755
438	CHEMBL3809267-CHEMBL3613544	0	198	99	0	0.0	0.15373559296131134
439	CHEMBL3809848-CHEMBL3613544	0	198	99	0	0.0	0.13822440803050995
440	CHEMBL3623674-CHEMBL3623675	0	198	99	0	0.0	0.19619092345237732
441	CHEMBL3623676-CHEMBL3623674	0	198	99	0	0.0	0.21330899000167847
442	CHEMBL362499-CHEMBL365507	0	198	99	0	1.0	0.7008116841316223
443	CHEMBL362499-CHEMBL3823618	0	198	99	0	1.0	0.7663701772689819
444	CHEMBL3632831-CHEMBL3764147	0	198	99	0	0.0	0.09491367638111115
445	CHEMBL3633778-CHEMBL3633783	0	198	99	0	0.0	0.4751366078853607
446	CHEMBL3633779-CHEMBL3633783	0	198	99	0	1.0	0.5459847450256348
447	CHEMBL363931-CHEMBL3823618	0	198	99	0	1.0	0.8693099617958069
448	CHEMBL365507-CHEMBL427329	0	198	99	0	0.0	0.24506902694702148
449	CHEMBL3758522-CHEMBL3760055	0	198	99	1	0.0	0.32162097096443176
450	CHEMBL3808553-CHEMBL3808953	0	198	99	0	0.0	0.1513814777135849
451	CHEMBL3808553-CHEMBL3809038	0	198	99	0	0.0	0.17396722733974457
452	CHEMBL3808553-CHEMBL3809966	0	198	99	0	0.0	0.1662551760673523
453	CHEMBL3810298-CHEMBL3808553	0	198	99	0	0.0	0.14646263420581818
454	CHEMBL3809086-CHEMBL3808953	0	198	99	0	0.0	0.14878225326538086
455	CHEMBL3809086-CHEMBL3809966	0	198	99	0	0.0	0.14510712027549744
456	CHEMBL3818221-CHEMBL4545611	0	198	99	0	1.0	0.6696228384971619
457	CHEMBL3819628-CHEMBL3818392	0	198	99	0	1.0	0.5242854952812195
458	CHEMBL3818845-CHEMBL3819628	0	198	99	0	0.0	0.47203224897384644
459	CHEMBL3818845-CHEMBL4562842	0	198	99	0	1.0	0.6730877161026001
460	CHEMBL3819173-CHEMBL4436477	0	198	99	0	1.0	0.673608660697937
461	CHEMBL3819545-CHEMBL4558023	0	198	99	0	1.0	0.6857377886772156
462	CHEMBL3819628-CHEMBL4439864	0	198	99	0	1.0	0.6953673958778381
463	CHEMBL427329-CHEMBL3823618	0	198	99	0	1.0	0.8877235054969788
464	CHEMBL3960492-CHEMBL3896854	0	198	99	0	0.0	0.28045156598091125
465	CHEMBL3956141-CHEMBL3985384	0	198	99	0	0.0	0.379146546125412
466	CHEMBL3960492-CHEMBL3986431	0	198	99	0	0.0	0.3286170959472656
467	CHEMBL4067954-CHEMBL4062048	0	198	99	0	0.0	0.22621110081672668
468	CHEMBL4069597_CHEMBL4082238-CHEMBL4062048	0	198	99	0	0.0	0.3285336494445801
469	CHEMBL4071722-CHEMBL4062048	0	198	99	0	0.0	0.2718450129032135
470	CHEMBL4089153-CHEMBL4062048	0	198	99	0	0.0	0.22063593566417694
471	CHEMBL4090611-CHEMBL4062048	0	198	99	1	0.0	0.3239468038082123
472	CHEMBL4092504-CHEMBL4062048	0	198	99	1	0.0	0.2725030779838562
473	CHEMBL4067954-CHEMBL4100256	0	198	99	0	0.0	0.25907132029533386
474	CHEMBL4069089-CHEMBL4103176	0	198	99	0	0.0	0.21262356638908386
475	CHEMBL4212619-CHEMBL4069089	0	198	99	0	0.0	0.09714500606060028
476	CHEMBL4069597_CHEMBL4082238-CHEMBL4084865	0	198	99	0	0.0	0.2747591733932495
477	CHEMBL4100256-CHEMBL4069597_CHEMBL4082238	0	198	99	0	0.0	0.3710401654243469
478	CHEMBL4070634-CHEMBL4075030	0	198	99	0	0.0	0.2698667347431183
479	CHEMBL4081415-CHEMBL4070820	0	198	99	0	0.0	0.4833396375179291
480	CHEMBL4091692-CHEMBL4070820	0	198	99	0	1.0	0.5774825811386108
481	CHEMBL4099433-CHEMBL4070820	0	198	99	0	1.0	0.5151037573814392
482	CHEMBL4074597-CHEMBL4095061	0	198	99	0	0.0	0.2738822400569916
483	CHEMBL4203780-CHEMBL4082922	0	198	99	0	0.0	0.10797566920518875
484	CHEMBL4095061-CHEMBL4084865	0	198	99	0	0.0	0.3816540539264679
485	CHEMBL4100256-CHEMBL4090611	0	198	99	1	0.0	0.3661876618862152
486	CHEMBL4092504-CHEMBL4100256	0	198	99	1	0.0	0.3097585439682007
487	CHEMBL4162920-CHEMBL4159562	0	198	99	0	1.0	0.5313986539840698
488	CHEMBL4159634_CHEMBL4167555-CHEMBL4164457_CHEMBL4172337	0	198	99	0	0.0	0.10915224999189377
489	CHEMBL4160117-CHEMBL4163924	0	198	99	0	0.0	0.05265648663043976
490	CHEMBL4160117-CHEMBL4171790	0	198	99	0	0.0	0.49676981568336487
491	CHEMBL4160117-CHEMBL4175236	0	198	99	0	0.0	0.21394284069538116
492	CHEMBL4168368-CHEMBL4160467	0	198	99	0	0.0	0.20005865395069122
493	CHEMBL4171486-CHEMBL4160871	0	198	99	0	0.0	0.18018223345279694
494	CHEMBL4161360_CHEMBL4171956-CHEMBL4161747_CHEMBL4169677	0	198	99	0	0.0	0.44943806529045105
495	CHEMBL4161747_CHEMBL4169677-CHEMBL4163666_CHEMBL4171554	0	198	99	0	0.0	0.12632223963737488
496	CHEMBL4161747_CHEMBL4169677-CHEMBL4164534_CHEMBL4172413	0	198	99	0	1.0	0.5659667253494263
497	CHEMBL4161747_CHEMBL4169677-CHEMBL4165182_CHEMBL4173083	0	198	99	0	1.0	0.8224667906761169
498	CHEMBL4164457_CHEMBL4172337-CHEMBL4162104_CHEMBL4172778	0	198	99	0	0.0	0.4108242094516754
499	CHEMBL4162920-CHEMBL4166379	0	198	99	0	1.0	0.7864611148834229
500	CHEMBL4162920-CHEMBL4167473	0	198	99	0	1.0	0.5503056049346924
501	CHEMBL4162920-CHEMBL4167532	0	198	99	0	1.0	0.5542389154434204
502	CHEMBL4170860-CHEMBL4162920	0	198	99	0	0.0	0.49458473920822144
503	CHEMBL4170908-CHEMBL4162920	0	198	99	0	1.0	0.522393524646759
504	CHEMBL4175397-CHEMBL4162920	0	198	99	0	0.0	0.1566500961780548
505	CHEMBL4163090_CHEMBL4171305-CHEMBL4164457_CHEMBL4172337	0	198	99	0	0.0	0.3807041049003601
506	CHEMBL4167366-CHEMBL4163924	0	198	99	0	0.0	0.15845026075839996
507	CHEMBL4164457_CHEMBL4172337-CHEMBL4164109_CHEMBL4174759	0	198	99	0	0.0	0.337864488363266
508	CHEMBL4164457_CHEMBL4172337-CHEMBL4165548_CHEMBL4176156	0	198	99	0	1.0	0.8446540236473083
509	CHEMBL4166970_CHEMBL4167883-CHEMBL4164457_CHEMBL4172337	0	198	99	0	1.0	0.8231714963912964
510	CHEMBL4166080-CHEMBL4173060	0	198	99	0	0.0	0.409271776676178
511	CHEMBL4174295-CHEMBL4166379	0	198	99	0	0.0	0.14115723967552185
512	CHEMBL4171790-CHEMBL4167366	0	198	99	0	0.0	0.19503268599510193
513	CHEMBL4175236-CHEMBL4167366	0	198	99	0	0.0	0.06429336965084076
514	CHEMBL4174295-CHEMBL4167473	0	198	99	0	1.0	0.5512959361076355
515	CHEMBL4168142-CHEMBL4171486	0	198	99	0	0.0	0.15361003577709198
516	CHEMBL4169152-CHEMBL4170761	0	198	99	0	0.0	0.21091602742671967
517	CHEMBL4171612-CHEMBL4169349	0	198	99	0	0.0	0.3289943039417267
518	CHEMBL4174295-CHEMBL4170860	0	198	99	0	1.0	0.5531051158905029
519	CHEMBL4175989-CHEMBL4171486	0	198	99	0	0.0	0.1584634780883789
520	CHEMBL4174004-CHEMBL4175889	0	198	99	0	0.0	0.4245429039001465
521	CHEMBL4204007-CHEMBL4215693	0	198	99	0	0.0	0.2686619162559509
522	CHEMBL4211657-CHEMBL4211148	0	198	99	0	0.0	0.07077782601118088
523	CHEMBL4244589-CHEMBL4239935	0	198	99	0	0.0	0.2777951955795288
524	CHEMBL4243345-CHEMBL4240383	0	198	99	0	0.0	0.2741938829421997
525	CHEMBL4240383-CHEMBL4244589	0	198	99	0	0.0	0.2391282618045807
526	CHEMBL4243345-CHEMBL4240831	0	198	99	0	0.0	0.3943764567375183
527	CHEMBL4247127-CHEMBL4240831	0	198	99	0	0.0	0.20041023194789886
528	CHEMBL4242770-CHEMBL4244589	0	198	99	0	0.0	0.23443186283111572
529	CHEMBL4243345-CHEMBL4244744	0	198	99	0	0.0	0.23574525117874146
530	CHEMBL4243345-CHEMBL4246936	0	198	99	0	0.0	0.2663766145706177
531	CHEMBL4243345-CHEMBL4248709	0	198	99	0	0.0	0.2542688250541687
532	CHEMBL4243345-CHEMBL4251418	0	198	99	0	0.0	0.2759649157524109
533	CHEMBL4244142-CHEMBL4244589	0	198	99	0	0.0	0.23808757960796356
534	CHEMBL4244744-CHEMBL4244589	0	198	99	0	0.0	0.2762429714202881
535	CHEMBL4248394-CHEMBL4244589	0	198	99	0	0.0	0.24291016161441803
536	CHEMBL4244589-CHEMBL4250970	0	198	99	0	0.0	0.3536491394042969
537	CHEMBL4247127-CHEMBL4244744	0	198	99	0	0.0	0.23488789796829224
538	CHEMBL4247127-CHEMBL4245748	0	198	99	0	0.0	0.2873084247112274
539	CHEMBL4246936-CHEMBL4247127	0	198	99	0	0.0	0.2665359377861023
540	CHEMBL4251418-CHEMBL4247127	0	198	99	0	0.0	0.27063387632369995
541	CHEMBL4284225-CHEMBL4277397	0	198	99	0	0.0	0.3386668860912323
542	CHEMBL4285351-CHEMBL4277397	0	198	99	0	0.0	0.41839486360549927
543	CHEMBL4285726-CHEMBL4277397	0	198	99	0	0.0	0.3094150722026825
544	CHEMBL4292113-CHEMBL4277397	0	198	99	0	0.0	0.44647490978240967
545	CHEMBL4292534-CHEMBL4277397	0	198	99	0	0.0	0.19729886949062347
546	CHEMBL4293582-CHEMBL4277397	0	198	99	1	0.0	0.4041157364845276
547	CHEMBL4277666-CHEMBL4281925	0	198	99	0	0.0	0.08735937625169754
548	CHEMBL4277666-CHEMBL4285604	0	198	99	0	0.0	0.09284945577383041
549	CHEMBL4293582-CHEMBL4277666	0	198	99	0	1.0	0.6628087759017944
550	CHEMBL4279656-CHEMBL4277762	0	198	99	0	0.0	0.4558822512626648
551	CHEMBL4277762-CHEMBL4280099	0	198	99	0	0.0	0.3692277669906616
552	CHEMBL4277762-CHEMBL4291819	0	198	99	0	0.0	0.1784433126449585
553	CHEMBL4279656-CHEMBL4280796	0	198	99	0	0.0	0.30974286794662476
554	CHEMBL4279656-CHEMBL4281197	0	198	99	0	0.0	0.3981740474700928
555	CHEMBL4279656-CHEMBL4287995	0	198	99	0	0.0	0.39319124817848206
556	CHEMBL4279656-CHEMBL4288399	0	198	99	0	0.0	0.4004453122615814
557	CHEMBL4279656-CHEMBL4290322	0	198	99	0	0.0	0.36357155442237854
558	CHEMBL4280796-CHEMBL4280099	0	198	99	0	0.0	0.23890161514282227
559	CHEMBL4280099-CHEMBL4281197	0	198	99	0	0.0	0.321298748254776
560	CHEMBL4280099-CHEMBL4287995	0	198	99	0	0.0	0.3169707953929901
561	CHEMBL4280099-CHEMBL4288399	0	198	99	0	0.0	0.31755331158638
562	CHEMBL4290322-CHEMBL4280099	0	198	99	0	0.0	0.28558990359306335
563	CHEMBL4280796-CHEMBL4291819	0	198	99	0	0.0	0.3876034915447235
564	CHEMBL4281197-CHEMBL4291819	0	198	99	0	0.0	0.28115493059158325
565	CHEMBL4288695-CHEMBL4281925	0	198	99	0	0.0	0.2845298945903778
566	CHEMBL4293518-CHEMBL4282594	0	198	99	0	0.0	0.29850196838378906
567	CHEMBL4284225-CHEMBL4288695	0	198	99	0	0.0	0.3301317095756531
568	CHEMBL4285351-CHEMBL4288695	0	198	99	0	0.0	0.40865394473075867
569	CHEMBL4285604-CHEMBL4288695	0	198	99	0	0.0	0.2552592158317566
570	CHEMBL4285726-CHEMBL4288695	0	198	99	0	0.0	0.3476274013519287
571	CHEMBL4290328-CHEMBL4286489	0	198	99	0	0.0	0.2614489793777466
572	CHEMBL4293518-CHEMBL4287051	0	198	99	0	0.0	0.4577608108520508
573	CHEMBL4287995-CHEMBL4291819	0	198	99	0	0.0	0.2770976722240448
574	CHEMBL4288399-CHEMBL4291819	0	198	99	0	0.0	0.18841445446014404
575	CHEMBL4292113-CHEMBL4288695	0	198	99	0	0.0	0.437031090259552
576	CHEMBL4292534-CHEMBL4288695	0	198	99	0	0.0	0.38386717438697815
577	CHEMBL4293582-CHEMBL4288695	0	198	99	0	0.0	0.3936659097671509
578	CHEMBL4290322-CHEMBL4291819	0	198	99	0	0.0	0.34230029582977295
579	CHEMBL4437281-CHEMBL4434892	0	198	99	0	0.0	0.23319339752197266
580	CHEMBL4437653-CHEMBL4434892	0	198	99	0	0.0	0.2530268728733063
581	CHEMBL4445271-CHEMBL4434892	0	198	99	0	0.0	0.19831432402133942
582	CHEMBL4449503-CHEMBL4434892	0	198	99	0	0.0	0.1990387737751007
583	CHEMBL4454775-CHEMBL4434892	0	198	99	0	0.0	0.20024818181991577
584	CHEMBL4537993-CHEMBL4434892	0	198	99	0	0.0	0.23226800560951233
585	CHEMBL4434892-CHEMBL4555368	0	198	99	0	0.0	0.27503135800361633
586	CHEMBL4562842-CHEMBL4439864	0	198	99	0	0.0	0.4704706370830536
587	CHEMBL4536910-CHEMBL4440046	0	198	99	0	0.0	0.3349909484386444
588	CHEMBL4441149-CHEMBL4464928	0	198	99	0	0.0	0.33871835470199585
589	CHEMBL4538434-CHEMBL4441149	0	198	99	0	0.0	0.2759120464324951
590	CHEMBL4579916-CHEMBL4441149	0	198	99	0	0.0	0.27209073305130005
591	CHEMBL4446087-CHEMBL4441389	0	198	99	0	0.0	0.4103657901287079
592	CHEMBL4452122-CHEMBL4441389	0	198	99	0	0.0	0.2682057321071625
593	CHEMBL4538508-CHEMBL4441389	0	198	99	0	0.0	0.3577407896518707
594	CHEMBL4473283-CHEMBL4442253	0	198	99	0	0.0	0.3268335461616516
595	CHEMBL4524590-CHEMBL4442253	0	198	99	0	0.0	0.25983813405036926
596	CHEMBL4443546-CHEMBL4548338	0	198	99	0	0.0	0.31517335772514343
